1 0.0640625 0.46015625 0.0337890625 0.0705078125
1 0.13046875 0.4640625 0.0326171875 0.0662109375
0 0.1921875 0.43203125 0.0279296875 0.1046875
1 0.20078125 0.465625 0.0236328125 0.0658203125
1 0.2625 0.4640625 0.03671875 0.0681640625
1 0.3328125 0.46796875 0.0255859375 0.0740234375
1 0.40078125 0.4625 0.0296875 0.0650390625
1 0.4703125 0.465625 0.02265625 0.0658203125
1 0.53828125 0.4671875 0.0359375 0.0619140625
0 0.85234375 0.421875 0.0625 0.11875
0 0.7671875 0.43046875 0.030859375 0.1140625
0 0.6453125 0.421875 0.0375 0.116015625
0 0.584375 0.41796875 0.0474609375 0.1015625
0 0.409375 0.40546875 0.0341796875 0.098046875
0 0.37890625 0.42421875 0.023828125 0.1171875
0 0.28046875 0.421875 0.030078125 0.106640625