1 0.15078125 0.53125 0.019921875 0.0685546875
0 0.1671875 0.515625 0.037109375 0.0912109375
0 0.23125 0.52109375 0.034765625 0.1015625
0 0.32890625 0.54296875 0.040625 0.103125
0 0.49921875 0.5625 0.0353515625 0.112890625
0 0.6453125 0.5765625 0.0255859375 0.096875
0 0.7109375 0.5890625 0.046875 0.103515625
0 0.79765625 0.5953125 0.053125 0.09765625
1 0.61875 0.60234375 0.0193359375 0.0669921875
1 0.53515625 0.59296875 0.023046875 0.0673828125
1 0.45234375 0.57421875 0.03125 0.0572265625
1 0.3734375 0.565625 0.0244140625 0.0568359375
1 0.29609375 0.55390625 0.0291015625 0.0521484375
1 0.221875 0.54453125 0.028515625 0.0548828125