1 0.50703125 0.46328125 0.0296875 0.0517578125
1 0.64375 0.4984375 0.0318359375 0.0748046875
1 0.71640625 0.50546875 0.0353515625 0.0490234375
1 0.7921875 0.53125 0.040625 0.0712890625
1 0.86640625 0.546875 0.0361328125 0.0626953125
0 0.275 0.41875 0.037109375 0.109765625
0 0.33125 0.4234375 0.0462890625 0.10234375
0 0.3875 0.40625 0.049609375 0.0783203125
0 0.42265625 0.44453125 0.026953125 0.1046875
0 0.5875 0.46640625 0.0587890625 0.098828125
0 0.71015625 0.4671875 0.0455078125 0.0470703125
0 0.778125 0.4796875 0.0568359375 0.0689453125
0 0.853125 0.5078125 0.062890625 0.0783203125