0 0.4765625 0.5 0.087109375 0.365625
0 0.16484375 0.51484375 0.0607421875 0.245703125
0 0.24921875 0.47890625 0.0544921875 0.2009765625
0 0.40078125 0.49921875 0.0640625 0.240625
0 0.5796875 0.49140625 0.053125 0.2041015625
0 0.63359375 0.4859375 0.0390625 0.2033203125
0 0.7015625 0.4765625 0.0474609375 0.1724609375
1 0.18671875 0.5953125 0.1396484375 0.1599609375
1 0.30625 0.590625 0.11875 0.1720703125
1 0.40390625 0.58046875 0.1125 0.1642578125
1 0.496875 0.57265625 0.087890625 0.1515625
1 0.575 0.56796875 0.0876953125 0.1390625
1 0.6578125 0.5703125 0.0783203125 0.14375
1 0.72890625 0.56015625 0.0736328125 0.128125
1 0.8046875 0.55234375 0.08359375 0.133203125