1 0.07265625 0.5046875 0.0328125 0.0654296875
1 0.1734375 0.50703125 0.0310546875 0.0708984375
1 0.2765625 0.509375 0.021875 0.0685546875
1 0.36953125 0.515625 0.0361328125 0.0755859375
1 0.66328125 0.4796875 0.026171875 0.0689453125
1 0.76328125 0.4921875 0.035546875 0.0689453125
0 0.85625 0.49765625 0.033984375 0.0673828125
0 0.73515625 0.5015625 0.0388671875 0.097265625
0 0.7 0.4953125 0.04921875 0.0900390625
0 0.52734375 0.47578125 0.0265625 0.0826171875
0 0.33828125 0.47109375 0.03125 0.116796875
0 0.23515625 0.465625 0.0291015625 0.10625
0 0.128125 0.46796875 0.019140625 0.1015625
0 0.14609375 0.44140625 0.0294921875 0.0830078125