0 0.16640625 0.4140625 0.0515625 0.109375
0 0.25390625 0.415625 0.0390625 0.109375
0 0.35703125 0.409375 0.0328125 0.1
0 0.38828125 0.403125 0.034375 0.1046875
0 0.56328125 0.41328125 0.04453125 0.1109375
0 0.64375 0.41875 0.0359375 0.115625
0 0.76640625 0.415625 0.0515625 0.10625
0 0.8453125 0.4265625 0.05 0.11875
1 0.07421875 0.4609375 0.03046875 0.06640625
1 0.14609375 0.465625 0.0265625 0.06953125
1 0.2171875 0.46484375 0.028125 0.07109375
1 0.2859375 0.4640625 0.025 0.06640625
1 0.35859375 0.46875 0.04140625 0.06796875
1 0.01171875 0.4671875 0.0234375 0.0625