0 0.75078125 0.5953125 0.05 0.122265625
0 0.68515625 0.50078125 0.0396484375 0.138671875
0 0.65703125 0.4328125 0.042578125 0.0810546875
0 0.53046875 0.396875 0.0453125 0.115234375
0 0.41015625 0.34921875 0.03125 0.116796875
0 0.321875 0.31171875 0.04453125 0.11875
0 0.19921875 0.29296875 0.0333984375 0.095703125
0 0.13671875 0.27265625 0.05 0.101953125
1 0.0515625 0.3578125 0.0345703125 0.0779296875
1 0.29296875 0.3265625 0.0302734375 0.0689453125
1 0.39296875 0.3515625 0.0359375 0.0595703125
1 0.49609375 0.40234375 0.0513671875 0.0794921875
1 0.5890625 0.434375 0.0462890625 0.0748046875
1 0.67265625 0.5015625 0.053125 0.0775390625
1 0.7859375 0.65625 0.0689453125 0.0814453125
1 0.75078125 0.5703125 0.0578125 0.0845703125