0 0.184375 0.8671875 0.059375 0.1599609375
0 0.46796875 0.73359375 0.0642578125 0.13125
0 0.6671875 0.6109375 0.040625 0.105859375
0 0.775 0.4921875 0.0279296875 0.096484375
0 0.81640625 0.41171875 0.020703125 0.0798828125
0 0.79296875 0.24375 0.026171875 0.0595703125
0 0.81640625 0.2859375 0.021875 0.0501953125
0 0.82890625 0.34375 0.01875 0.0626953125
1 0.3875 0.14765625 0.018359375 0.0357421875
1 0.4359375 0.1296875 0.01640625 0.0341796875
1 0.66484375 0.2734375 0.0298828125 0.0404296875
1 0.6484375 0.23671875 0.0251953125 0.0357421875
1 0.62578125 0.20625 0.0240234375 0.0318359375
1 0.5875 0.18359375 0.0248046875 0.0427734375
1 0.55625 0.16640625 0.01953125 0.0361328125
1 0.5125 0.15546875 0.0248046875 0.0396484375
1 0.478125 0.1359375 0.0189453125 0.0373046875
1 0.35234375 0.14296875 0.0234375 0.0392578125