0 0.26875 0.4171875 0.0265625 0.15
0 0.29453125 0.33203125 0.03046875 0.1078125
0 0.3328125 0.40390625 0.0234375 0.1375
0 0.3734375 0.4046875 0.03046875 0.1390625
0 0.45859375 0.34375 0.02265625 0.1015625
0 0.4875 0.3703125 0.028125 0.1171875
0 0.5578125 0.3609375 0.02890625 0.1328125
0 0.60859375 0.3484375 0.0328125 0.1109375
1 0.2734375 0.6078125 0.0640625 0.0953125
1 0.33359375 0.60390625 0.05703125 0.09140625
1 0.390625 0.60390625 0.05703125 0.09375
1 0.4453125 0.603125 0.05703125 0.0953125
1 0.50078125 0.6015625 0.05703125 0.08671875
1 0.55546875 0.6015625 0.05703125 0.08984375
1 0.6109375 0.59765625 0.05546875 0.08828125
1 0.66796875 0.5953125 0.06015625 0.09296875
1 0.4015625 0.3171875 0.0453125 0.06640625
1 0.45078125 0.3109375 0.0390625 0.06015625
1 0.49609375 0.3109375 0.0390625 0.06015625
1 0.54453125 0.31015625 0.03828125 0.07109375
1 0.59140625 0.31171875 0.03984375 0.06796875
1 0.63984375 0.3046875 0.04375 0.06953125
1 0.6890625 0.309375 0.04140625 0.06640625
1 0.73359375 0.309375 0.04609375 0.07578125