0 0.50859375 0.49609375 0.0673828125 0.4080078125
0 0.6859375 0.48359375 0.046875 0.1955078125
0 0.6234375 0.49765625 0.0439453125 0.1927734375
0 0.58046875 0.49375 0.04375 0.2095703125
0 0.39921875 0.49765625 0.057421875 0.240625
0 0.2234375 0.49375 0.0533203125 0.234765625
0 0.1421875 0.4984375 0.0744140625 0.237109375
1 0.15546875 0.58203125 0.134375 0.1666015625
1 0.26796875 0.58359375 0.125 0.1625
1 0.371875 0.5828125 0.1 0.15
1 0.76015625 0.55625 0.0861328125 0.128515625
1 0.6859375 0.559375 0.075390625 0.115234375
1 0.61484375 0.5625 0.0759765625 0.118359375
1 0.5390625 0.571875 0.0900390625 0.125