1 0.26015625 0.59375 0.0638671875 0.0849609375
1 0.3171875 0.59375 0.065234375 0.0935546875
1 0.37265625 0.590625 0.0611328125 0.0841796875
1 0.428125 0.5875 0.05703125 0.0818359375
1 0.48359375 0.5859375 0.060546875 0.0876953125
1 0.5390625 0.5828125 0.0591796875 0.0908203125
1 0.5921875 0.58515625 0.06484375 0.0892578125
1 0.64921875 0.57890625 0.063671875 0.0923828125
1 0.38515625 0.29921875 0.0419921875 0.0759765625
1 0.43359375 0.29921875 0.0421875 0.0697265625
1 0.4796875 0.2984375 0.0435546875 0.0712890625
1 0.525 0.29453125 0.040625 0.0603515625
0 0.57265625 0.35078125 0.0375 0.123046875
1 0.57421875 0.29140625 0.044921875 0.0576171875
1 0.6203125 0.2953125 0.0380859375 0.0662109375
1 0.66796875 0.29609375 0.0390625 0.0646484375
1 0.715625 0.29140625 0.04453125 0.0669921875
0 0.25859375 0.4359375 0.0396484375 0.144140625
0 0.2625 0.334375 0.03203125 0.103515625
0 0.31484375 0.4078125 0.0296875 0.134765625
0 0.359375 0.41640625 0.04296875 0.14375
0 0.42265625 0.34921875 0.0267578125 0.116796875
0 0.45546875 0.38046875 0.03125 0.125
0 0.521875 0.36015625 0.037890625 0.123046875