1 0.04765625 0.22109375 0.028125 0.0486328125
1 0.12421875 0.2375 0.0267578125 0.0501953125
1 0.1953125 0.2515625 0.02890625 0.0470703125
1 0.26640625 0.2765625 0.0326171875 0.0533203125
1 0.32890625 0.30625 0.0326171875 0.0505859375
1 0.38671875 0.33984375 0.0353515625 0.0490234375
1 0.434375 0.390625 0.0376953125 0.0564453125
1 0.46171875 0.4390625 0.04375 0.0568359375
0 0.48203125 0.7328125 0.0375 0.133984375
0 0.5671875 0.6 0.0380859375 0.130859375
0 0.36640625 0.2609375 0.0263671875 0.0751953125
0 0.42265625 0.2828125 0.0361328125 0.0783203125
0 0.4875 0.31875 0.03203125 0.0845703125
0 0.5328125 0.35625 0.034375 0.10625
0 0.56875 0.42890625 0.03203125 0.105078125
0 0.596875 0.528125 0.02578125 0.112890625