0 0.63046875 0.49609375 0.082421875 0.4703125
0 0.49375 0.48359375 0.0462890625 0.2578125
0 0.55703125 0.4921875 0.0625 0.22890625
0 0.37734375 0.49296875 0.0796875 0.2853515625
0 0.15546875 0.49453125 0.0517578125 0.2083984375
0 0.09453125 0.428125 0.0833984375 0.1873046875
1 0.07578125 0.5703125 0.1201171875 0.137109375
1 0.1859375 0.5671875 0.11484375 0.141015625
1 0.284375 0.5609375 0.100390625 0.130859375
1 0.36953125 0.5578125 0.0890625 0.121875
1 0.4421875 0.5515625 0.0755859375 0.118359375
1 0.5078125 0.54921875 0.06484375 0.11875
1 0.66171875 0.546875 0.066796875 0.112109375