1 0.328125 0.29765625 0.0431640625 0.0646484375
1 0.37421875 0.2953125 0.0421875 0.0716796875
1 0.41953125 0.29375 0.0453125 0.0623046875
1 0.4671875 0.29140625 0.0494140625 0.0634765625
0 0.49140625 0.37578125 0.0423828125 0.141796875
1 0.51328125 0.29296875 0.0458984375 0.0646484375
1 0.5609375 0.28984375 0.0462890625 0.0673828125
1 0.61015625 0.28828125 0.04375 0.0615234375
1 0.659375 0.28828125 0.0412109375 0.0642578125
1 0.590625 0.57109375 0.065625 0.0865234375
1 0.53671875 0.5703125 0.0583984375 0.0849609375
1 0.48046875 0.5765625 0.059375 0.0755859375
1 0.42421875 0.5765625 0.058203125 0.0810546875
1 0.36953125 0.58046875 0.0603515625 0.0884765625
1 0.31484375 0.584375 0.066796875 0.0818359375
1 0.2578125 0.58828125 0.0625 0.0916015625
1 0.20078125 0.5890625 0.067578125 0.0943359375
0 0.17109375 0.375 0.0357421875 0.137109375
0 0.21484375 0.48359375 0.0326171875 0.146875
0 0.265625 0.4578125 0.028515625 0.15625
0 0.31953125 0.46484375 0.035546875 0.1515625
0 0.34296875 0.378125 0.035546875 0.13125
0 0.39921875 0.42265625 0.0419921875 0.128125
0 0.44453125 0.3828125 0.039453125 0.128125