1 0.17109375 0.234375 0.0572265625 0.0748046875
1 0.228125 0.228125 0.0623046875 0.0755859375
1 0.11171875 0.2375 0.0578125 0.0716796875
1 0.053125 0.24375 0.053125 0.0818359375
1 0.0109375 0.24921875 0.021875 0.0859375
1 0.409375 0.0234375 0.046875 0.046875
1 0.4828125 0.025 0.046875 0.05
1 0.55390625 0.02265625 0.0421875 0.0453125
1 0.62578125 0.021875 0.0484375 0.04375
1 0.70234375 0.01953125 0.0390625 0.0390625
1 0.77734375 0.01796875 0.0421875 0.0359375
1 0.33828125 0.709375 0.0734375 0.106640625
1 0.40703125 0.6984375 0.070703125 0.103515625
1 0.46796875 0.6890625 0.0671875 0.106640625
1 0.53046875 0.678125 0.067578125 0.10078125
1 0.58671875 0.66640625 0.065625 0.101953125
1 0.64375 0.65625 0.065625 0.0908203125
1 0.7046875 0.64140625 0.0658203125 0.0861328125
1 0.76015625 0.63359375 0.0642578125 0.1
0 0.70625 0.7375 0.04921875 0.2068359375
0 0.19375 0.540625 0.040625 0.1658203125
0 0.16796875 0.58203125 0.046875 0.1830078125
0 0.45390625 0.59296875 0.0486328125 0.1798828125
0 0.49765625 0.56953125 0.0482421875 0.1771484375
0 0.54140625 0.521875 0.0580078125 0.1994140625
0 0.5765625 0.57421875 0.0494140625 0.1677734375
0 0.61171875 0.52890625 0.0490234375 0.1759765625