0 0.79140625 0.71640625 0.0771484375 0.1955078125
0 0.55546875 0.453125 0.05625 0.1814453125
0 0.515625 0.49921875 0.040234375 0.1677734375
0 0.4828125 0.4609375 0.0501953125 0.1880859375
0 0.4578125 0.54453125 0.047265625 0.1708984375
0 0.45078125 0.49296875 0.0416015625 0.1642578125
0 0.121875 0.53203125 0.034765625 0.1642578125
0 0.15703125 0.49765625 0.042578125 0.1615234375
1 0.2296875 0.3796875 0.058984375 0.0873046875
1 0.178125 0.38828125 0.05625 0.0857421875
1 0.128125 0.3984375 0.062890625 0.0939453125
1 0.07734375 0.4140625 0.057421875 0.0873046875
1 0.02734375 0.42109375 0.0546875 0.0890625