0 0.74765625 0.72265625 0.06875 0.2173828125
0 0.57265625 0.4703125 0.0603515625 0.1841796875
0 0.528125 0.5203125 0.043359375 0.1751953125
0 0.4953125 0.4703125 0.053515625 0.1744140625
0 0.465625 0.51953125 0.03671875 0.1615234375
0 0.44375 0.56640625 0.05546875 0.1740234375
0 0.1703125 0.51015625 0.04609375 0.1892578125
0 0.13515625 0.54453125 0.046875 0.1982421875
1 0.05390625 0.55 0.0677734375 0.103125
1 0.11640625 0.53671875 0.0634765625 0.0923828125
1 0.17421875 0.52890625 0.0677734375 0.107421875
1 0.23203125 0.51953125 0.0580078125 0.10625
1 0.28984375 0.5078125 0.059375 0.105859375
1 0.34296875 0.49453125 0.0515625 0.101171875
1 0.3921875 0.49296875 0.062890625 0.098828125
1 0.4484375 0.48125 0.0599609375 0.096484375