0 0.85 0.55078125 0.03359375 0.1203125
0 0.784375 0.5359375 0.02890625 0.134375
0 0.71171875 0.5171875 0.03984375 0.1171875
0 0.58359375 0.49375 0.03359375 0.1203125
0 0.41484375 0.471875 0.040625 0.0953125
0 0.37734375 0.44296875 0.03046875 0.0984375
0 0.33125 0.45078125 0.03203125 0.08671875
0 0.2828125 0.44765625 0.0296875 0.1015625
1 0.17109375 0.45859375 0.03359375 0.05546875
1 0.2328125 0.471875 0.03203125 0.06484375
1 0.29921875 0.48359375 0.03359375 0.06328125
1 0.35625 0.50078125 0.03125 0.06640625
1 0.4203125 0.515625 0.02890625 0.06484375
1 0.49140625 0.53125 0.040625 0.06953125
1 0.55625 0.540625 0.040625 0.06015625
1 0.9078125 0.53046875 0.03828125 0.07265625