0 0.35 0.39765625 0.0349609375 0.115625
1 0.36796875 0.39765625 0.0416015625 0.0673828125
1 0.4078125 0.39765625 0.0412109375 0.0697265625
1 0.46171875 0.39375 0.0455078125 0.0744140625
1 0.51171875 0.3953125 0.04375 0.0681640625
1 0.56328125 0.39609375 0.0447265625 0.0740234375
1 0.6140625 0.3953125 0.0474609375 0.0658203125
1 0.6609375 0.39140625 0.044140625 0.0634765625
1 0.71171875 0.3890625 0.0427734375 0.0595703125
1 0.6421875 0.69375 0.0662109375 0.0943359375
1 0.58046875 0.69296875 0.0572265625 0.095703125
1 0.525 0.69609375 0.0599609375 0.0923828125
1 0.46640625 0.69609375 0.0677734375 0.0892578125
1 0.40703125 0.69921875 0.0611328125 0.0802734375
1 0.35078125 0.70390625 0.0640625 0.0826171875
1 0.28828125 0.70546875 0.0646484375 0.0884765625
1 0.2265625 0.70859375 0.068359375 0.0955078125
0 0.81484375 0.33359375 0.032421875 0.098828125
0 0.74375 0.34453125 0.0404296875 0.1171875
0 0.62890625 0.3390625 0.0490234375 0.0748046875
0 0.46953125 0.38125 0.0421875 0.127734375
0 0.4265625 0.3796875 0.030859375 0.11640625