1 0.07734375 0.2828125 0.03125 0.0626953125
0 0.15859375 0.2734375 0.032421875 0.0935546875
1 0.16484375 0.30546875 0.0267578125 0.0583984375
1 0.2546875 0.33046875 0.0318359375 0.0572265625
1 0.3484375 0.36015625 0.0375 0.0673828125
1 0.4328125 0.39765625 0.044140625 0.0634765625
1 0.50859375 0.44609375 0.044921875 0.0673828125
1 0.57265625 0.51328125 0.051171875 0.0802734375
1 0.6078125 0.5875 0.059375 0.0783203125
0 0.64609375 0.63515625 0.0328125 0.153125
0 0.61875 0.51640625 0.0431640625 0.110546875
0 0.61015625 0.4625 0.0265625 0.0751953125
0 0.51015625 0.40234375 0.030078125 0.0892578125
0 0.4078125 0.3515625 0.04140625 0.0912109375
0 0.325 0.31953125 0.0310546875 0.0984375
0 0.2171875 0.29375 0.0248046875 0.1