1 0.95390625 0.653125 0.07109375 0.1109375
1 0.8703125 0.57265625 0.05625 0.07421875
1 0.7765625 0.50859375 0.04921875 0.07890625
1 0.67890625 0.46015625 0.03828125 0.07734375
1 0.4671875 0.3921875 0.03046875 0.08359375
1 0.3578125 0.3703125 0.03046875 0.08046875
1 0.2140625 0.41640625 0.0453125 0.06796875
1 0.1109375 0.3984375 0.03203125 0.06796875
0 0.1421875 0.3234375 0.0265625 0.103125
0 0.19296875 0.33515625 0.034375 0.1078125
0 0.31875 0.3609375 0.0375 0.1046875
0 0.425 0.38515625 0.0390625 0.10625
0 0.57109375 0.4328125 0.03359375 0.115625
0 0.7203125 0.49140625 0.025 0.109375
0 0.74140625 0.52578125 0.0453125 0.128125
0 0.83515625 0.596875 0.03671875 0.15703125