0 0.19375 0.27109375 0.028125 0.08515625
0 0.1375 0.24921875 0.0546875 0.07578125
0 0.31328125 0.2984375 0.03046875 0.08828125
0 0.3953125 0.321875 0.028125 0.06640625
0 0.51640625 0.37890625 0.04375 0.08828125
0 0.64921875 0.48203125 0.0640625 0.06640625
1 0.70078125 0.6234375 0.06484375 0.08046875
0 0.69765625 0.60390625 0.046875 0.14375
0 0.63671875 0.43671875 0.0359375 0.06171875
1 0.121875 0.28671875 0.03203125 0.05859375
1 0.221875 0.31015625 0.0296875 0.06171875
1 0.32109375 0.3390625 0.040625 0.07265625
1 0.41875 0.3703125 0.034375 0.06796875
1 0.509375 0.41875 0.05 0.07265625
1 0.58671875 0.465625 0.04453125 0.07578125
1 0.6546875 0.53125 0.04921875 0.06015625