1 0.08828125 0.46875 0.0291015625 0.0626953125
1 0.1828125 0.4734375 0.030859375 0.0501953125
1 0.36953125 0.4921875 0.030078125 0.0623046875
1 0.46171875 0.4953125 0.0302734375 0.0595703125
1 0.753125 0.51875 0.0283203125 0.0623046875
1 0.55703125 0.5078125 0.0263671875 0.0748046875
1 0.66015625 0.5046875 0.0333984375 0.0599609375
0 0.11171875 0.4578125 0.03125 0.097265625
0 0.1453125 0.44296875 0.030859375 0.098828125
0 0.209375 0.45546875 0.05 0.0892578125
0 0.3171875 0.4671875 0.0431640625 0.0931640625
0 0.5015625 0.471875 0.050390625 0.0818359375
0 0.65625 0.484375 0.047265625 0.0880859375
0 0.70859375 0.49296875 0.0421875 0.0927734375
0 0.8234375 0.4984375 0.033984375 0.0935546875