0 0.1390625 0.40703125 0.0376953125 0.0947265625
0 0.11796875 0.40078125 0.0208984375 0.096875
0 0.259375 0.40859375 0.034375 0.1015625
0 0.38203125 0.42109375 0.0421875 0.0984375
0 0.5578125 0.45390625 0.037109375 0.114453125
0 0.74140625 0.48671875 0.03125 0.101171875
0 0.77109375 0.50234375 0.03125 0.1
0 0.9078125 0.54765625 0.0537109375 0.1265625
1 0.959375 0.5015625 0.0412109375 0.0662109375
1 0.8421875 0.4703125 0.0408203125 0.0693359375
1 0.68984375 0.5296875 0.039453125 0.0837890625
1 0.59140625 0.49296875 0.0330078125 0.0607421875