0 0.68359375 0.47109375 0.1515625 0.514453125
0 0.53984375 0.4734375 0.0734375 0.230859375
0 0.4609375 0.45703125 0.04765625 0.25
0 0.384375 0.4765625 0.0841796875 0.284375
0 0.27421875 0.4828125 0.079296875 0.3037109375
0 0.04296875 0.44765625 0.0859375 0.2359375
1 0.0296875 0.55 0.059375 0.125
1 0.09921875 0.5328125 0.091796875 0.10859375
1 0.1859375 0.53984375 0.07734375 0.110546875
1 0.259375 0.534375 0.077734375 0.0966796875
1 0.3265625 0.528125 0.074609375 0.0943359375
1 0.3875 0.52734375 0.0779296875 0.0984375
1 0.45625 0.5234375 0.08125 0.0912109375