1 0.58984375 0.31171875 0.0265625 0.05546875
1 0.56953125 0.26796875 0.028125 0.04765625
1 0.5375 0.2296875 0.02265625 0.03671875
1 0.49609375 0.2046875 0.021875 0.04140625
1 0.45234375 0.184375 0.01875 0.03828125
1 0.40078125 0.16328125 0.0203125 0.03671875
1 0.3546875 0.15546875 0.02109375 0.03515625
1 0.18984375 0.1546875 0.01796875 0.03359375
1 0.2375 0.16796875 0.021875 0.03984375
0 0.3140625 0.86875 0.0515625 0.18828125
0 0.55078125 0.69453125 0.03203125 0.1390625
0 0.6796875 0.2359375 0.02421875 0.09296875
0 0.71640625 0.2625 0.021875 0.06171875
0 0.74296875 0.31484375 0.015625 0.06484375
0 0.75703125 0.3640625 0.0203125 0.08046875
0 0.73984375 0.45234375 0.025 0.08984375
0 0.6828125 0.575 0.028125 0.125
1 0.30234375 0.140625 0.01640625 0.04296875