0 0.86640625 0.69375 0.0453125 0.153515625
0 0.01953125 0.571875 0.0390625 0.153125
0 0.11015625 0.553125 0.054296875 0.130859375
0 0.32890625 0.55390625 0.0572265625 0.148046875
0 0.34375 0.503125 0.0501953125 0.128125
0 0.3 0.47578125 0.033984375 0.141796875
0 0.30703125 0.44453125 0.0423828125 0.130078125
1 0.11171875 0.4359375 0.0384765625 0.0837890625
1 0.08046875 0.453125 0.0294921875 0.0755859375
1 0.02109375 0.4828125 0.0361328125 0.0724609375
1 0.04921875 0.46875 0.030078125 0.0693359375