0 0.31875 0.26796875 0.0224609375 0.0701171875
0 0.37734375 0.2890625 0.028125 0.0814453125
0 0.45234375 0.325 0.0361328125 0.0849609375
0 0.50078125 0.3609375 0.0330078125 0.096875
0 0.54921875 0.421875 0.032421875 0.096875
0 0.5921875 0.51171875 0.034375 0.113671875
0 0.57265625 0.59453125 0.0451171875 0.1328125
0 0.5125 0.71484375 0.0345703125 0.1453125
1 0.46796875 0.4796875 0.042578125 0.0650390625
1 0.03046875 0.24375 0.0232421875 0.0501953125
1 0.11171875 0.25625 0.0291015625 0.0501953125
1 0.184375 0.27890625 0.025390625 0.0513671875
1 0.2609375 0.30234375 0.0314453125 0.0541015625
1 0.3265625 0.33203125 0.037109375 0.0541015625
1 0.3875 0.371875 0.0318359375 0.0529296875
1 0.43828125 0.42421875 0.039453125 0.0708984375