0 0.8578125 0.70078125 0.0685546875 0.1607421875
0 0.02578125 0.5703125 0.048046875 0.1599609375
0 0.1125 0.54140625 0.065625 0.138671875
0 0.340625 0.56015625 0.0408203125 0.1515625
0 0.31171875 0.51015625 0.030078125 0.11875
0 0.35078125 0.503125 0.05 0.146484375
0 0.30546875 0.4703125 0.048828125 0.128125
0 0.32890625 0.44140625 0.0447265625 0.15625
1 0.19296875 0.453125 0.036328125 0.0908203125
1 0.06328125 0.528125 0.0421875 0.0876953125
1 0.1578125 0.46328125 0.034765625 0.0798828125
1 0.0953125 0.5 0.0435546875 0.0849609375
1 0.12578125 0.478125 0.0419921875 0.0712890625