0 0.15390625 0.45546875 0.0423828125 0.098828125
0 0.1265625 0.465625 0.0251953125 0.1
0 0.221875 0.4609375 0.0431640625 0.10859375
0 0.33515625 0.4703125 0.0357421875 0.09765625
0 0.51875 0.46796875 0.0529296875 0.0916015625
0 0.68125 0.49296875 0.047265625 0.096875
0 0.72421875 0.48984375 0.0482421875 0.095703125
0 0.8390625 0.49296875 0.034765625 0.098046875
1 0.4109375 0.49921875 0.028515625 0.0736328125
1 0.02734375 0.47734375 0.0296875 0.0736328125
1 0.60078125 0.5109375 0.0236328125 0.0716796875