0 0.83828125 0.7234375 0.088671875 0.1662109375
0 0.04453125 0.56953125 0.039453125 0.1736328125
0 0.1234375 0.54765625 0.062890625 0.1759765625
0 0.375 0.5640625 0.062109375 0.1623046875
1 0.18828125 0.6421875 0.042578125 0.10390625
1 0.228125 0.61484375 0.0373046875 0.123046875
1 0.26796875 0.5875 0.045703125 0.11171875
1 0.30703125 0.56953125 0.0384765625 0.1078125
1 0.44453125 0.50390625 0.0390625 0.0923828125
0 0.396875 0.47734375 0.0466796875 0.113671875
0 0.35234375 0.4734375 0.0423828125 0.0849609375