1 0.2125 0.53125 0.021875 0.05546875
1 0.28203125 0.5421875 0.025 0.05078125
1 0.35546875 0.54921875 0.0265625 0.05546875
1 0.43125 0.56171875 0.0234375 0.07421875
1 0.5125 0.5765625 0.02421875 0.05703125
1 0.59140625 0.584375 0.028125 0.07578125
1 0.684375 0.6046875 0.0265625 0.06171875
1 0.77109375 0.61328125 0.0203125 0.05703125
0 0.78671875 0.575 0.0640625 0.05390625
0 0.690625 0.5546875 0.06171875 0.06328125
0 0.63359375 0.559375 0.05390625 0.103125
0 0.4875 0.553125 0.015625 0.10625
0 0.32109375 0.5328125 0.04140625 0.103125
0 0.22421875 0.51796875 0.01640625 0.08203125
0 0.22421875 0.47890625 0.0359375 0.06953125
0 0.1625 0.51640625 0.0375 0.1