1 0.528125 0.0734375 0.0439453125 0.0748046875
1 0.6 0.071875 0.0431640625 0.0744140625
1 0.67265625 0.07109375 0.0421875 0.0677734375
1 0.74765625 0.0703125 0.0390625 0.0720703125
1 0.8265625 0.0640625 0.0431640625 0.0693359375
1 0.3453125 0.29140625 0.0556640625 0.0697265625
1 0.28671875 0.296875 0.0666015625 0.0880859375
1 0.2296875 0.30078125 0.0650390625 0.0798828125
1 0.1703125 0.303125 0.06015625 0.0806640625
1 0.11171875 0.31484375 0.0611328125 0.0830078125
1 0.04765625 0.31796875 0.064453125 0.0728515625
1 0.8890625 0.7125 0.062109375 0.106640625
1 0.82890625 0.715625 0.0642578125 0.1
1 0.76796875 0.72265625 0.0646484375 0.0892578125
1 0.7078125 0.73125 0.059765625 0.10078125
1 0.65 0.74765625 0.0662109375 0.101171875
1 0.58828125 0.75390625 0.06875 0.1015625
1 0.52578125 0.765625 0.0669921875 0.0943359375
1 0.465625 0.7859375 0.0751953125 0.096484375
0 0.159375 0.6 0.0650390625 0.1966796875
0 0.19296875 0.5515625 0.0359375 0.1595703125
0 0.446875 0.60625 0.04296875 0.1818359375
0 0.48125 0.5796875 0.0412109375 0.1966796875
0 0.5671875 0.59296875 0.049609375 0.1708984375
0 0.53828125 0.53359375 0.041796875 0.1794921875
0 0.603125 0.53515625 0.05 0.1677734375
0 0.6609375 0.73828125 0.04609375 0.2052734375