1 0.07734375 0.2828125 0.035546875 0.0650390625
0 0.15859375 0.2734375 0.038671875 0.0943359375
1 0.16484375 0.30546875 0.0236328125 0.0580078125
1 0.2546875 0.33046875 0.0318359375 0.0572265625
1 0.3484375 0.36015625 0.040625 0.0697265625
1 0.4328125 0.39765625 0.04375 0.0634765625
1 0.50859375 0.44609375 0.041796875 0.0666015625
1 0.57265625 0.51328125 0.05 0.0798828125
1 0.6078125 0.5875 0.059375 0.0783203125
0 0.64609375 0.63515625 0.040625 0.154296875
0 0.61875 0.51640625 0.0462890625 0.1109375
0 0.61015625 0.4625 0.03125 0.0775390625
0 0.51015625 0.40234375 0.03125 0.0892578125
0 0.4078125 0.3515625 0.040625 0.0912109375
0 0.325 0.31953125 0.0380859375 0.1
0 0.2171875 0.29375 0.0283203125 0.100390625