1 0.8796875 0.5671875 0.0189453125 0.0689453125
1 0.775 0.55703125 0.02421875 0.0771484375
1 0.15 0.565625 0.0255859375 0.0630859375
1 0.06953125 0.55390625 0.0263671875 0.0580078125
1 0.41328125 0.5265625 0.026171875 0.0595703125
1 0.58359375 0.5421875 0.032421875 0.0662109375
1 0.9859375 0.5796875 0.028125 0.078125
0 0.815625 0.56015625 0.0505859375 0.101953125
0 0.70859375 0.55546875 0.0541015625 0.1015625
0 0.6609375 0.5515625 0.0462890625 0.096484375
0 0.49921875 0.53515625 0.0328125 0.098828125
0 0.32421875 0.52265625 0.020703125 0.0826171875
0 0.21875 0.50546875 0.0375 0.0865234375
0 0.18125 0.4953125 0.0400390625 0.0876953125
0 0.13984375 0.5 0.0451171875 0.0873046875