1 0.15078125 0.53125 0.0171875 0.06796875
0 0.1671875 0.515625 0.03125 0.08984375
0 0.23125 0.52109375 0.028125 0.1
0 0.32890625 0.54296875 0.03125 0.1015625
0 0.49921875 0.5625 0.02578125 0.1125
0 0.6453125 0.5765625 0.02578125 0.096875
0 0.7109375 0.5890625 0.04375 0.103125
0 0.79765625 0.5953125 0.046875 0.0953125
1 0.61875 0.60234375 0.01796875 0.06640625
1 0.53515625 0.59296875 0.0203125 0.06796875
1 0.45234375 0.57421875 0.0265625 0.05546875
1 0.3734375 0.565625 0.02109375 0.05703125
1 0.29609375 0.55390625 0.02578125 0.05234375
1 0.221875 0.54453125 0.028125 0.05546875