0 0.86796875 0.559375 0.038671875 0.146875
0 0.75546875 0.50703125 0.0423828125 0.1390625
0 0.7328125 0.46328125 0.028515625 0.101953125
0 0.565625 0.4171875 0.0564453125 0.0939453125
0 0.40703125 0.38359375 0.046875 0.1140625
0 0.3 0.35625 0.0537109375 0.11328125
0 0.17109375 0.34375 0.0453125 0.103125
0 0.1296875 0.3234375 0.0498046875 0.105859375
1 0.25390625 0.4171875 0.041796875 0.0689453125
1 0.35859375 0.4453125 0.038671875 0.0693359375
1 0.5 0.3875 0.03671875 0.0693359375
1 0.61171875 0.4171875 0.0357421875 0.0693359375
1 0.82578125 0.48671875 0.0390625 0.0857421875
1 0.93828125 0.534375 0.055078125 0.0787109375