1 0.0640625 0.46015625 0.0337890625 0.0705078125
1 0.13046875 0.4640625 0.0302734375 0.0658203125
0 0.1921875 0.43203125 0.0310546875 0.105078125
1 0.20078125 0.465625 0.0259765625 0.0658203125
1 0.2625 0.4640625 0.03203125 0.0658203125
1 0.3328125 0.46796875 0.0251953125 0.0740234375
1 0.40078125 0.4625 0.0296875 0.0650390625
1 0.4703125 0.465625 0.02734375 0.0662109375
1 0.53828125 0.4671875 0.0328125 0.0599609375
0 0.85234375 0.421875 0.0546875 0.116015625
0 0.7671875 0.43046875 0.033984375 0.114453125
0 0.6453125 0.421875 0.037890625 0.11796875
0 0.584375 0.41796875 0.0505859375 0.103125
0 0.409375 0.40546875 0.0318359375 0.098046875
0 0.37890625 0.42421875 0.032421875 0.117578125
0 0.28046875 0.421875 0.0296875 0.106640625