1 0.134375 0.4984375 0.0275390625 0.0783203125
1 0.434375 0.50703125 0.0212890625 0.0607421875
1 0.52578125 0.5140625 0.0265625 0.0751953125
1 0.3359375 0.50078125 0.0283203125 0.0580078125
1 0.23671875 0.496875 0.0326171875 0.0689453125
0 0.12109375 0.45390625 0.025 0.0892578125
0 0.1453125 0.45546875 0.0220703125 0.0984375
0 0.22421875 0.453125 0.0388671875 0.09453125
0 0.3390625 0.46796875 0.046875 0.098046875
0 0.52421875 0.47421875 0.0447265625 0.0923828125
0 0.68203125 0.47734375 0.0267578125 0.0798828125
0 0.72578125 0.48203125 0.0296875 0.0736328125
0 0.8515625 0.49453125 0.037890625 0.098046875