1 0.07734375 0.2828125 0.03125 0.06328125
0 0.15859375 0.2734375 0.03125 0.09296875
1 0.16484375 0.30546875 0.02265625 0.05859375
1 0.2546875 0.33046875 0.02890625 0.05546875
1 0.3484375 0.36015625 0.0359375 0.06640625
1 0.4328125 0.39765625 0.0390625 0.06015625
1 0.50859375 0.44609375 0.0390625 0.06484375
1 0.57265625 0.51328125 0.0484375 0.07890625
1 0.6078125 0.5875 0.0546875 0.07578125
0 0.64609375 0.63515625 0.0328125 0.153125
0 0.61875 0.51640625 0.03828125 0.109375
0 0.61015625 0.4625 0.025 0.07578125
0 0.51015625 0.40234375 0.0265625 0.08828125
0 0.4078125 0.3515625 0.0359375 0.08984375
0 0.325 0.31953125 0.03046875 0.0984375
0 0.2171875 0.29375 0.02421875 0.1