0 0.43515625 0.77265625 0.034375 0.2203125
0 0.275 0.625 0.0453125 0.19765625
0 0.35859375 0.55 0.04609375 0.18671875
0 0.4515625 0.57109375 0.03984375 0.18203125
0 0.546875 0.565625 0.04375 0.18359375
0 0.62734375 0.54375 0.04765625 0.18046875
0 0.71484375 0.48046875 0.040625 0.16796875
0 0.7984375 0.47734375 0.034375 0.17109375
1 0.346875 0.46953125 0.06953125 0.09140625
1 0.42734375 0.45 0.0671875 0.09375
1 0.51015625 0.4328125 0.0640625 0.08203125
1 0.59921875 0.4203125 0.06875 0.08203125
1 0.68671875 0.4015625 0.06328125 0.0984375
1 0.775 0.384375 0.059375 0.08984375
1 0.86640625 0.36328125 0.065625 0.09140625
1 0.96171875 0.353125 0.0625 0.08359375