0 0.184375 0.8671875 0.0578125 0.16015625
0 0.46796875 0.73359375 0.05546875 0.128125
0 0.6671875 0.6109375 0.034375 0.1046875
0 0.775 0.4921875 0.02578125 0.0953125
0 0.81640625 0.41171875 0.0203125 0.08046875
0 0.79296875 0.24375 0.021875 0.05859375
0 0.81640625 0.2859375 0.0203125 0.05078125
0 0.82890625 0.34375 0.0171875 0.06328125
1 0.3875 0.14765625 0.0171875 0.03515625
1 0.4359375 0.1296875 0.0171875 0.03359375
1 0.66484375 0.2734375 0.02890625 0.03984375
1 0.6484375 0.23671875 0.02578125 0.03515625
1 0.62578125 0.20625 0.02421875 0.03203125
1 0.5875 0.18359375 0.02265625 0.04296875
1 0.55625 0.16640625 0.0203125 0.03671875
1 0.5125 0.15546875 0.02109375 0.03828125
1 0.478125 0.1359375 0.01796875 0.03671875
1 0.35234375 0.14296875 0.021875 0.03828125