0 0.91328125 0.53828125 0.040625 0.1171875
0 0.775 0.50078125 0.03046875 0.103125
0 0.7453125 0.4859375 0.03671875 0.09296875
0 0.5578125 0.44375 0.028125 0.08515625
0 0.38515625 0.42265625 0.04453125 0.0953125
0 0.2671875 0.40625 0.040625 0.09140625
0 0.1359375 0.39921875 0.0546875 0.07578125
0 0.1140625 0.39296875 0.02109375 0.08203125
1 0.928125 0.484375 0.0375 0.07109375
1 0.67265625 0.5109375 0.0328125 0.06484375
1 0.7765625 0.53671875 0.040625 0.05546875
1 0.22109375 0.440625 0.02578125 0.06953125