1 0.58984375 0.31171875 0.03125 0.0572265625
1 0.56953125 0.26796875 0.03125 0.0490234375
1 0.5375 0.2296875 0.0224609375 0.0373046875
1 0.49609375 0.2046875 0.0234375 0.0412109375
1 0.45234375 0.184375 0.0203125 0.0380859375
1 0.40078125 0.16328125 0.023046875 0.0365234375
1 0.3546875 0.15546875 0.0244140625 0.0361328125
1 0.18984375 0.1546875 0.0177734375 0.0341796875
1 0.2375 0.16796875 0.025 0.0416015625
0 0.3140625 0.86875 0.062109375 0.1900390625
0 0.55078125 0.69453125 0.0326171875 0.1390625
0 0.6796875 0.2359375 0.0318359375 0.0939453125
0 0.71640625 0.2625 0.025 0.0626953125
0 0.74296875 0.31484375 0.020703125 0.0646484375
0 0.75703125 0.3640625 0.026171875 0.0814453125
0 0.73984375 0.45234375 0.0296875 0.0896484375
0 0.6828125 0.575 0.02890625 0.125
1 0.30234375 0.140625 0.0201171875 0.0439453125