1 0.24140625 0.6734375 0.0669921875 0.09765625
1 0.30390625 0.66796875 0.063671875 0.0953125
1 0.36328125 0.6640625 0.0638671875 0.0876953125
1 0.42265625 0.66171875 0.065625 0.0927734375
1 0.48046875 0.66015625 0.059375 0.0927734375
1 0.5375 0.65859375 0.05625 0.0892578125
1 0.59453125 0.6578125 0.0615234375 0.096484375
1 0.653125 0.6546875 0.05625 0.0873046875
1 0.7234375 0.3578125 0.046484375 0.0630859375
1 0.67421875 0.3578125 0.0419921875 0.0630859375
1 0.6234375 0.36015625 0.0439453125 0.0677734375
1 0.571875 0.3609375 0.041015625 0.0662109375
1 0.52578125 0.36328125 0.0447265625 0.0736328125
1 0.47890625 0.3625 0.0365234375 0.0716796875
1 0.43203125 0.365625 0.048828125 0.0744140625
1 0.3796875 0.36328125 0.0470703125 0.0638671875
0 0.328125 0.378125 0.0380859375 0.125390625
0 0.40234375 0.3671875 0.0330078125 0.128125
0 0.44765625 0.36953125 0.0390625 0.115625
0 0.6125 0.33515625 0.037890625 0.1328125
0 0.70859375 0.31484375 0.034375 0.1109375
0 0.7796875 0.315625 0.0314453125 0.10625
0 0.44296875 0.30625 0.0326171875 0.103125