0 0.63046875 0.49609375 0.110546875 0.4734375
0 0.49375 0.48359375 0.0658203125 0.259375
0 0.55703125 0.4921875 0.076171875 0.230859375
0 0.37734375 0.49296875 0.0609375 0.2830078125
0 0.15546875 0.49453125 0.0666015625 0.2107421875
0 0.09453125 0.428125 0.0833984375 0.1873046875
1 0.07578125 0.5703125 0.1228515625 0.13984375
1 0.1859375 0.5671875 0.12109375 0.146484375
1 0.284375 0.5609375 0.1 0.12890625
1 0.36953125 0.5578125 0.086328125 0.12109375
1 0.4421875 0.5515625 0.0775390625 0.11875
1 0.5078125 0.54921875 0.06484375 0.11875
1 0.66171875 0.546875 0.0703125 0.112890625