1 0.04765625 0.22109375 0.026953125 0.0482421875
1 0.12421875 0.2375 0.0240234375 0.0498046875
1 0.1953125 0.2515625 0.028125 0.0466796875
1 0.26640625 0.2765625 0.0322265625 0.0533203125
1 0.32890625 0.30625 0.0298828125 0.0501953125
1 0.38671875 0.33984375 0.0353515625 0.0490234375
1 0.434375 0.390625 0.0373046875 0.0560546875
1 0.46171875 0.4390625 0.045703125 0.0591796875
0 0.48203125 0.7328125 0.0484375 0.134765625
0 0.5671875 0.6 0.0439453125 0.131640625
0 0.36640625 0.2609375 0.0291015625 0.0751953125
0 0.42265625 0.2828125 0.0361328125 0.0783203125
0 0.4875 0.31875 0.034765625 0.0849609375
0 0.5328125 0.35625 0.034765625 0.10625
0 0.56875 0.42890625 0.024609375 0.1046875
0 0.596875 0.528125 0.030859375 0.11328125