0 0.51953125 0.69453125 0.0767578125 0.251953125
0 0.67265625 0.321875 0.0578125 0.221484375
0 0.59609375 0.3203125 0.0572265625 0.2064453125
0 0.5484375 0.40390625 0.059375 0.2083984375
0 0.48125 0.44609375 0.0626953125 0.1978515625
0 0.39609375 0.45 0.048046875 0.1783203125
0 0.25234375 0.43125 0.0638671875 0.2033203125
0 0.2125 0.51015625 0.0525390625 0.230078125
1 0.23359375 0.159375 0.076171875 0.109765625
1 0.3234375 0.1421875 0.068359375 0.103125
1 0.40859375 0.1203125 0.065625 0.10859375
1 0.496875 0.10546875 0.0693359375 0.094921875
1 0.584375 0.0890625 0.069140625 0.096484375
1 0.67421875 0.071875 0.0625 0.102734375
1 0.76953125 0.05 0.0625 0.096875
1 0.8640625 0.0359375 0.065625 0.071875
1 0.934375 0.709375 0.093359375 0.127734375
1 0.88515625 0.74453125 0.0921875 0.1140625
1 0.8375 0.78046875 0.0814453125 0.125
1 0.78671875 0.82734375 0.086328125 0.1171875
1 0.7375 0.8546875 0.097265625 0.125
1 0.69296875 0.89921875 0.0853515625 0.113671875
1 0.6375 0.94140625 0.103125 0.1171875
1 0.58515625 0.9640625 0.1078125 0.071875