1 0.0796875 0.54765625 0.0375 0.06484375
1 0.1546875 0.55390625 0.02890625 0.05546875
1 0.2359375 0.5625 0.02421875 0.06015625
1 0.31796875 0.57265625 0.021875 0.05234375
1 0.3921875 0.584375 0.02265625 0.06015625
1 0.75625 0.56484375 0.0171875 0.04609375
1 0.84375 0.5734375 0.0296875 0.05078125
1 0.95390625 0.590625 0.01796875 0.06640625
0 0.82265625 0.58671875 0.03125 0.0984375
0 0.72421875 0.57734375 0.04140625 0.1046875
0 0.66875 0.5609375 0.040625 0.09375
0 0.51015625 0.546875 0.03203125 0.07890625
0 0.340625 0.53125 0.03671875 0.09140625
0 0.2375 0.5265625 0.0234375 0.09296875
0 0.2078125 0.503125 0.0296875 0.06796875
0 0.165625 0.5046875 0.03671875 0.09296875