1 0.178125 0.46484375 0.0220703125 0.0580078125
1 0.26484375 0.47734375 0.023046875 0.0576171875
1 0.446875 0.49453125 0.022265625 0.0611328125
1 0.53671875 0.49453125 0.029296875 0.0767578125
1 0.63671875 0.50546875 0.0169921875 0.0544921875
1 0.73984375 0.5125 0.0169921875 0.0685546875
1 0.84140625 0.51796875 0.023828125 0.0548828125
0 0.82578125 0.48828125 0.046875 0.0763671875
0 0.71015625 0.48984375 0.0357421875 0.104296875
0 0.659375 0.465625 0.0505859375 0.0619140625
0 0.5046875 0.478125 0.0255859375 0.112109375
0 0.32734375 0.46484375 0.0298828125 0.0984375
0 0.21484375 0.4546875 0.0296875 0.109765625
0 0.12578125 0.453125 0.0328125 0.100390625
0 0.1578125 0.4296875 0.025 0.0693359375