0 0.134375 0.45625 0.028125 0.094140625
0 0.1703125 0.4515625 0.0283203125 0.0818359375
0 0.215625 0.45703125 0.02578125 0.0892578125
0 0.33203125 0.46484375 0.0509765625 0.101953125
0 0.50859375 0.4765625 0.0478515625 0.0939453125
0 0.66328125 0.4859375 0.044921875 0.097265625
0 0.71953125 0.49453125 0.0427734375 0.0884765625
0 0.825 0.503125 0.040234375 0.09453125
1 0.93046875 0.51953125 0.019921875 0.0669921875
1 0.62578125 0.50234375 0.0263671875 0.0673828125
1 0.43984375 0.484375 0.026171875 0.0560546875
1 0.26640625 0.465625 0.0107421875 0.0533203125