1 0.975 0.49765625 0.0359375 0.07578125
0 0.8875 0.4859375 0.04609375 0.1171875
1 0.90390625 0.47421875 0.0390625 0.06953125
1 0.25703125 0.44609375 0.02421875 0.04609375
1 0.10078125 0.4515625 0.02890625 0.06953125
1 0.1796875 0.43046875 0.02421875 0.025
0 0.2546875 0.4046875 0.03125 0.1046875
0 0.31328125 0.39453125 0.02578125 0.08828125
0 0.40546875 0.403125 0.028125 0.0984375
0 0.43046875 0.40703125 0.0359375 0.1015625
0 0.6171875 0.43828125 0.05546875 0.1046875
0 0.73671875 0.45234375 0.03125 0.1046875
0 0.8171875 0.46875 0.0359375 0.1015625