0 0.096875 0.890625 0.05546875 0.1296875
0 0.40390625 0.79765625 0.0578125 0.1015625
0 0.646875 0.65078125 0.04921875 0.09375
0 0.78359375 0.5390625 0.02890625 0.1
0 0.84296875 0.44765625 0.0234375 0.08359375
0 0.84609375 0.259375 0.0171875 0.05859375
0 0.86796875 0.30078125 0.0203125 0.05859375
0 0.87265625 0.3609375 0.025 0.06484375
1 0.6984375 0.25 0.02890625 0.04296875
1 0.684375 0.21640625 0.02578125 0.03984375
1 0.659375 0.1890625 0.0265625 0.04140625
1 0.625 0.1625 0.01875 0.03203125
1 0.59296875 0.14921875 0.02421875 0.03828125
1 0.55234375 0.13125 0.0203125 0.03125
1 0.47421875 0.11015625 0.01875 0.03828125
1 0.5140625 0.121875 0.01875 0.03125
1 0.42421875 0.1265625 0.02109375 0.03359375
1 0.3890625 0.12109375 0.0171875 0.03203125