1 0.20390625 0.74375 0.0734375 0.0974609375
1 0.26640625 0.73984375 0.066796875 0.0896484375
1 0.32734375 0.7390625 0.069921875 0.100390625
1 0.3875 0.73515625 0.0658203125 0.0927734375
1 0.446875 0.73515625 0.0619140625 0.0923828125
1 0.50390625 0.73046875 0.0611328125 0.0857421875
1 0.5625 0.73359375 0.06875 0.0927734375
1 0.61875 0.72578125 0.065625 0.0888671875
1 0.34609375 0.43203125 0.04375 0.0642578125
1 0.39296875 0.42734375 0.045703125 0.0638671875
1 0.44296875 0.4265625 0.0486328125 0.0654296875
1 0.49140625 0.425 0.044921875 0.0595703125
1 0.53828125 0.425 0.04375 0.0681640625
1 0.59296875 0.42421875 0.048828125 0.0583984375
1 0.6421875 0.42265625 0.0494140625 0.0673828125
1 0.69296875 0.4234375 0.048828125 0.0720703125
0 0.36015625 0.41015625 0.0330078125 0.1140625
0 0.44296875 0.37578125 0.0447265625 0.0791015625
0 0.48984375 0.375 0.04375 0.0845703125
0 0.6546875 0.3828125 0.0279296875 0.109375
0 0.6703125 0.365625 0.030859375 0.1
0 0.76796875 0.3640625 0.035546875 0.121875
0 0.84453125 0.36015625 0.0490234375 0.129296875
0 0.50703125 0.3453125 0.035546875 0.096875