1 0.0796875 0.54765625 0.0375 0.0642578125
1 0.1546875 0.55390625 0.0306640625 0.0552734375
1 0.2359375 0.5625 0.0255859375 0.0599609375
1 0.31796875 0.57265625 0.025 0.0521484375
1 0.3921875 0.584375 0.0255859375 0.0599609375
1 0.75625 0.56484375 0.021484375 0.0458984375
1 0.84375 0.5734375 0.03203125 0.0505859375
1 0.95390625 0.590625 0.0228515625 0.0662109375
0 0.82265625 0.58671875 0.034375 0.098828125
0 0.72421875 0.57734375 0.0490234375 0.107421875
0 0.66875 0.5609375 0.04921875 0.096484375
0 0.51015625 0.546875 0.0353515625 0.0787109375
0 0.340625 0.53125 0.0412109375 0.0931640625
0 0.2375 0.5265625 0.027734375 0.0935546875
0 0.2078125 0.503125 0.028515625 0.0685546875
0 0.165625 0.5046875 0.0376953125 0.0935546875