0 0.3109375 0.39453125 0.043359375 0.132421875
0 0.371875 0.3765625 0.025390625 0.134765625
0 0.415625 0.371875 0.041015625 0.140234375
0 0.5484375 0.35390625 0.034765625 0.126171875
0 0.5328125 0.33125 0.02734375 0.10625
0 0.63046875 0.3265625 0.0365234375 0.11015625
0 0.69296875 0.31015625 0.021875 0.1015625
1 0.29765625 0.6265625 0.057421875 0.0939453125
1 0.35078125 0.62265625 0.064453125 0.0955078125
1 0.409375 0.6171875 0.058984375 0.0908203125
1 0.4671875 0.615625 0.062109375 0.0939453125
1 0.52109375 0.6109375 0.0576171875 0.0904296875
1 0.57734375 0.60625 0.0642578125 0.0908203125
1 0.6328125 0.61171875 0.062109375 0.0865234375
1 0.68984375 0.60703125 0.0666015625 0.096875
1 0.7640625 0.3140625 0.04375 0.0626953125
1 0.71328125 0.31875 0.0388671875 0.0658203125
1 0.66015625 0.3171875 0.0513671875 0.0814453125
1 0.6140625 0.31484375 0.04609375 0.0646484375
1 0.565625 0.31875 0.0443359375 0.0712890625
1 0.5171875 0.32421875 0.04140625 0.0705078125
1 0.471875 0.32421875 0.0525390625 0.0767578125
1 0.4234375 0.32734375 0.04375 0.0740234375