1 0.328125 0.29765625 0.0431640625 0.0646484375
1 0.37421875 0.2953125 0.0375 0.0689453125
1 0.41953125 0.29375 0.040625 0.0595703125
1 0.4671875 0.29140625 0.0505859375 0.0642578125
0 0.49140625 0.37578125 0.0365234375 0.141796875
1 0.51328125 0.29296875 0.0458984375 0.0646484375
1 0.5609375 0.28984375 0.0408203125 0.0642578125
1 0.61015625 0.28828125 0.044921875 0.0634765625
1 0.659375 0.28828125 0.0431640625 0.0646484375
1 0.590625 0.57109375 0.06171875 0.0833984375
1 0.53671875 0.5703125 0.0517578125 0.0814453125
1 0.48046875 0.5765625 0.0609375 0.0779296875
1 0.42421875 0.5765625 0.058203125 0.0810546875
1 0.36953125 0.58046875 0.0603515625 0.0884765625
1 0.31484375 0.584375 0.0625 0.0787109375
1 0.2578125 0.58828125 0.059765625 0.0892578125
1 0.20078125 0.5890625 0.065625 0.0935546875
0 0.17109375 0.375 0.0357421875 0.137109375
0 0.21484375 0.48359375 0.0302734375 0.146875
0 0.265625 0.4578125 0.034375 0.156640625
0 0.31953125 0.46484375 0.0390625 0.151953125
0 0.34296875 0.378125 0.0296875 0.130859375
0 0.39921875 0.42265625 0.0365234375 0.126953125
0 0.44453125 0.3828125 0.039453125 0.128125