0 0.50859375 0.49609375 0.0822265625 0.4103515625
0 0.6859375 0.48359375 0.05 0.1958984375
0 0.6234375 0.49765625 0.0470703125 0.1927734375
0 0.58046875 0.49375 0.04375 0.2095703125
0 0.39921875 0.49765625 0.046875 0.2390625
0 0.2234375 0.49375 0.0568359375 0.234765625
0 0.1421875 0.4984375 0.0744140625 0.237109375
1 0.15546875 0.58203125 0.1296875 0.1615234375
1 0.26796875 0.58359375 0.1203125 0.158203125
1 0.371875 0.5828125 0.10625 0.153515625
1 0.76015625 0.55625 0.0896484375 0.13125
1 0.6859375 0.559375 0.078515625 0.116015625
1 0.61484375 0.5625 0.0763671875 0.11875
1 0.5390625 0.571875 0.0935546875 0.127734375