1 0.5515625 0.565625 0.0505859375 0.0724609375
1 0.51875 0.49296875 0.0533203125 0.0697265625
1 0.4609375 0.43046875 0.046875 0.0666015625
1 0.38984375 0.3859375 0.0447265625 0.0568359375
1 0.31015625 0.3484375 0.0296875 0.0560546875
1 0.22421875 0.31796875 0.035546875 0.0541015625
1 0.13359375 0.2984375 0.0375 0.0556640625
1 0.03984375 0.27734375 0.034375 0.0615234375
0 0.19296875 0.28125 0.0291015625 0.0845703125
0 0.25546875 0.29453125 0.0333984375 0.0736328125
0 0.3546875 0.3203125 0.040625 0.10234375
0 0.42734375 0.35859375 0.0447265625 0.095703125
0 0.51484375 0.41015625 0.035546875 0.0927734375
0 0.5984375 0.4796875 0.046484375 0.1
0 0.60703125 0.54375 0.053125 0.130859375
0 0.603125 0.64765625 0.037890625 0.123046875