0 0.096875 0.890625 0.0650390625 0.133984375
0 0.40390625 0.79765625 0.059375 0.101953125
0 0.646875 0.65078125 0.0560546875 0.096875
0 0.78359375 0.5390625 0.0365234375 0.10234375
0 0.84296875 0.44765625 0.026953125 0.0833984375
0 0.84609375 0.259375 0.020703125 0.0595703125
0 0.86796875 0.30078125 0.0234375 0.0583984375
0 0.87265625 0.3609375 0.0296875 0.0658203125
1 0.6984375 0.25 0.0283203125 0.0435546875
1 0.684375 0.21640625 0.0283203125 0.0416015625
1 0.659375 0.1890625 0.025390625 0.0408203125
1 0.625 0.1625 0.019140625 0.0314453125
1 0.59296875 0.14921875 0.0236328125 0.0388671875
1 0.55234375 0.13125 0.0203125 0.03125
1 0.47421875 0.11015625 0.019921875 0.0388671875
1 0.5140625 0.121875 0.019140625 0.03125
1 0.42421875 0.1265625 0.0208984375 0.0341796875
1 0.3890625 0.12109375 0.01875 0.0330078125