0 0.3765625 0.75078125 0.040234375 0.2048828125
0 0.2859375 0.6546875 0.0408203125 0.15390625
0 0.396875 0.59375 0.046484375 0.1693359375
0 0.48515625 0.60546875 0.0509765625 0.151171875
0 0.57109375 0.60078125 0.04375 0.1615234375
0 0.64296875 0.59375 0.0365234375 0.1720703125
0 0.7625 0.53203125 0.0564453125 0.157421875
0 0.83515625 0.5359375 0.0298828125 0.15625
1 0.9140625 0.51875 0.0595703125 0.0845703125
1 0.821875 0.52265625 0.0599609375 0.0892578125
1 0.7390625 0.5328125 0.0662109375 0.0904296875
1 0.6515625 0.55625 0.0630859375 0.0841796875
1 0.5671875 0.5671875 0.0658203125 0.0904296875
1 0.4859375 0.58203125 0.062890625 0.0865234375
1 0.40859375 0.6 0.0677734375 0.0849609375
1 0.32890625 0.61875 0.06875 0.0810546875