0 0.75078125 0.5953125 0.0453125 0.1203125
0 0.68515625 0.50078125 0.03359375 0.1375
0 0.65703125 0.4328125 0.0359375 0.07890625
0 0.53046875 0.396875 0.0359375 0.1140625
0 0.41015625 0.34921875 0.0265625 0.115625
0 0.321875 0.31171875 0.0359375 0.1171875
0 0.19921875 0.29296875 0.03046875 0.0953125
0 0.13671875 0.27265625 0.0421875 0.1
1 0.0515625 0.3578125 0.03359375 0.07734375
1 0.29296875 0.3265625 0.03046875 0.06953125
1 0.39296875 0.3515625 0.034375 0.05859375
1 0.49609375 0.40234375 0.04453125 0.07578125
1 0.5890625 0.434375 0.04140625 0.07265625
1 0.67265625 0.5015625 0.05 0.07421875
1 0.7859375 0.65625 0.06953125 0.08203125
1 0.75078125 0.5703125 0.0578125 0.08515625