0 0.27265625 0.44609375 0.0263671875 0.1046875
0 0.32421875 0.43515625 0.0421875 0.0759765625
0 0.3734375 0.43984375 0.02265625 0.0861328125
1 0.41484375 0.496875 0.0322265625 0.0626953125
0 0.4078125 0.471875 0.025390625 0.105859375
0 0.58046875 0.49296875 0.029296875 0.104296875
0 0.7046875 0.51796875 0.0375 0.116796875
0 0.77578125 0.52890625 0.0294921875 0.103125
0 0.84765625 0.5453125 0.05 0.115234375
1 0.62265625 0.540625 0.035546875 0.0662109375
1 0.55625 0.5265625 0.0314453125 0.0591796875
1 0.48671875 0.509375 0.03125 0.0470703125
1 0.29375 0.46875 0.02578125 0.0470703125
1 0.35546875 0.4828125 0.0353515625 0.0720703125