0 0.50859375 0.49609375 0.06796875 0.40859375
0 0.6859375 0.48359375 0.04375 0.19609375
0 0.6234375 0.49765625 0.03828125 0.19296875
0 0.58046875 0.49375 0.040625 0.21015625
0 0.39921875 0.49765625 0.0453125 0.2390625
0 0.2234375 0.49375 0.03828125 0.234375
0 0.1421875 0.4984375 0.05546875 0.234375
1 0.15546875 0.58203125 0.1234375 0.15703125
1 0.26796875 0.58359375 0.1140625 0.1546875
1 0.371875 0.5828125 0.1 0.15
1 0.76015625 0.55625 0.07890625 0.125
1 0.6859375 0.559375 0.0734375 0.1125
1 0.61484375 0.5625 0.07109375 0.115625
1 0.5390625 0.571875 0.08515625 0.121875