1 0.2125 0.53125 0.024609375 0.0564453125
1 0.28203125 0.5421875 0.0265625 0.0505859375
1 0.35546875 0.54921875 0.026953125 0.0548828125
1 0.43125 0.56171875 0.025390625 0.0736328125
1 0.5125 0.5765625 0.0248046875 0.0564453125
1 0.59140625 0.584375 0.03125 0.0755859375
1 0.684375 0.6046875 0.03046875 0.0626953125
1 0.77109375 0.61328125 0.023828125 0.0580078125
0 0.78671875 0.575 0.0671875 0.0568359375
0 0.690625 0.5546875 0.0658203125 0.0662109375
0 0.63359375 0.559375 0.0572265625 0.103515625
0 0.4875 0.553125 0.021875 0.10625
0 0.32109375 0.5328125 0.0423828125 0.103125
0 0.22421875 0.51796875 0.0201171875 0.0826171875
0 0.22421875 0.47890625 0.041796875 0.0728515625
0 0.1625 0.51640625 0.04375 0.1015625