0 0.86015625 0.69921875 0.0734375 0.1666015625
0 0.353125 0.559375 0.066015625 0.140625
0 0.3703125 0.5078125 0.0337890625 0.133984375
0 0.13125 0.54375 0.050390625 0.14921875
0 0.04609375 0.5265625 0.0490234375 0.115625
0 0.35234375 0.43359375 0.041796875 0.115625
1 0.28125 0.4671875 0.0380859375 0.0818359375
1 0.25234375 0.47734375 0.0357421875 0.0798828125
1 0.22265625 0.49296875 0.040625 0.0802734375
1 0.18515625 0.509375 0.0423828125 0.0849609375
1 0.14375 0.546875 0.04921875 0.099609375
1 0.075 0.5796875 0.0431640625 0.09765625
1 0.0375 0.59765625 0.04921875 0.0822265625