1 0.8796875 0.5671875 0.01796875 0.06953125
1 0.775 0.55703125 0.0171875 0.07734375
1 0.15 0.565625 0.02109375 0.06328125
1 0.06953125 0.55390625 0.02578125 0.05859375
1 0.41328125 0.5265625 0.021875 0.05859375
1 0.58359375 0.5421875 0.0296875 0.06640625
1 0.98828125 0.58046875 0.0234375 0.0765625
0 0.815625 0.56015625 0.04921875 0.1015625
0 0.70859375 0.55546875 0.04453125 0.0984375
0 0.6609375 0.5515625 0.03828125 0.09375
0 0.49921875 0.53515625 0.025 0.0984375
0 0.32421875 0.52265625 0.0203125 0.08203125
0 0.21875 0.50546875 0.0328125 0.08515625
0 0.18125 0.4953125 0.03671875 0.08671875
0 0.13984375 0.5 0.04453125 0.08671875