1 0.528125 0.0734375 0.03828125 0.07265625
1 0.6 0.071875 0.03984375 0.07265625
1 0.67265625 0.07109375 0.040625 0.06796875
1 0.74765625 0.0703125 0.0390625 0.07265625
1 0.8265625 0.0640625 0.04140625 0.06953125
1 0.3453125 0.29140625 0.05390625 0.06796875
1 0.28671875 0.296875 0.06015625 0.08515625
1 0.2296875 0.30078125 0.06015625 0.07734375
1 0.1703125 0.303125 0.0578125 0.07890625
1 0.11171875 0.31484375 0.05703125 0.08046875
1 0.04765625 0.31796875 0.0625 0.07109375
1 0.8890625 0.7125 0.059375 0.10625
1 0.82890625 0.715625 0.06484375 0.1
1 0.76796875 0.72265625 0.06484375 0.08828125
1 0.7078125 0.73125 0.0578125 0.1015625
1 0.65 0.74765625 0.06484375 0.1
1 0.58828125 0.75390625 0.065625 0.1
1 0.52578125 0.765625 0.06328125 0.09296875
1 0.465625 0.7859375 0.07109375 0.09375
0 0.159375 0.6 0.04609375 0.19453125
0 0.19296875 0.5515625 0.028125 0.15859375
0 0.446875 0.60625 0.0375 0.18203125
0 0.48125 0.5796875 0.03984375 0.19609375
0 0.5671875 0.59296875 0.0359375 0.16953125
0 0.53828125 0.53359375 0.0390625 0.17890625
0 0.603125 0.53515625 0.040625 0.16640625
0 0.6609375 0.73828125 0.040625 0.20546875