0 0.26875 0.4171875 0.028125 0.15
0 0.29453125 0.33203125 0.0388671875 0.109375
0 0.3328125 0.40390625 0.027734375 0.1375
0 0.3734375 0.4046875 0.0435546875 0.141015625
0 0.45859375 0.34375 0.0294921875 0.10078125
0 0.4875 0.3703125 0.0375 0.118359375
0 0.5578125 0.3609375 0.0314453125 0.133984375
0 0.60859375 0.3484375 0.0421875 0.112109375
1 0.2734375 0.6078125 0.066015625 0.096875
1 0.33359375 0.60390625 0.0583984375 0.0923828125
1 0.390625 0.60390625 0.0619140625 0.095703125
1 0.4453125 0.603125 0.0587890625 0.09453125
1 0.50078125 0.6015625 0.0634765625 0.0904296875
1 0.55546875 0.6015625 0.0603515625 0.0912109375
1 0.6109375 0.59765625 0.0591796875 0.0896484375
1 0.66796875 0.5953125 0.0666015625 0.0966796875
1 0.4015625 0.3171875 0.046484375 0.0658203125
1 0.45078125 0.3109375 0.04375 0.0626953125
1 0.49609375 0.3109375 0.041796875 0.0619140625
1 0.54453125 0.31015625 0.0396484375 0.0708984375
1 0.59140625 0.31171875 0.0392578125 0.0673828125
1 0.63984375 0.3046875 0.048828125 0.0720703125
1 0.6890625 0.309375 0.0435546875 0.0681640625
1 0.73359375 0.309375 0.0513671875 0.0779296875