1 0.31015625 0.54765625 0.03046875 0.05546875
1 0.25078125 0.53515625 0.0296875 0.05546875
1 0.1859375 0.51875 0.034375 0.05234375
1 0.1234375 0.50546875 0.03203125 0.04765625
1 0.06328125 0.4953125 0.03671875 0.05546875
1 0.63046875 0.53046875 0.0265625 0.06640625
1 0.88359375 0.56796875 0.0328125 0.06171875
1 0.97890625 0.5859375 0.0265625 0.06640625
1 0.709375 0.540625 0.03125 0.05703125
1 0.79140625 0.56171875 0.0328125 0.06484375
0 0.2375 0.47734375 0.02578125 0.103125
0 0.28671875 0.4859375 0.0203125 0.0953125
0 0.32109375 0.47890625 0.02890625 0.09140625
0 0.37265625 0.49921875 0.040625 0.109375
0 0.55 0.525 0.03359375 0.1015625
0 0.68359375 0.5375 0.0375 0.096875
0 0.75234375 0.56328125 0.04140625 0.1015625
0 0.83046875 0.571875 0.05 0.1