1 0.12578125 0.5765625 0.121875 0.14375
1 0.23984375 0.57578125 0.11015625 0.1328125
1 0.33828125 0.56875 0.1 0.128125
1 0.42421875 0.565625 0.09296875 0.11875
1 0.5015625 0.56015625 0.0859375 0.1140625
1 0.57890625 0.55859375 0.08125 0.1078125
1 0.646875 0.5546875 0.08125 0.10625
1 0.7171875 0.5515625 0.0765625 0.109375
0 0.1234375 0.49296875 0.06015625 0.2515625
0 0.196875 0.48984375 0.03828125 0.2484375
0 0.57109375 0.4828125 0.06015625 0.41953125
0 0.40078125 0.42890625 0.0625 0.17578125
0 0.50859375 0.42890625 0.0578125 0.16015625
0 0.68203125 0.4984375 0.0328125 0.21015625
0 0.61015625 0.48671875 0.0328125 0.21796875