1 0.26015625 0.59375 0.05703125 0.08203125
1 0.3171875 0.59375 0.059375 0.08984375
1 0.37265625 0.590625 0.05703125 0.08203125
1 0.428125 0.5875 0.05625 0.08203125
1 0.48359375 0.5859375 0.0546875 0.08515625
1 0.5390625 0.5828125 0.05390625 0.08828125
1 0.5921875 0.58515625 0.0578125 0.08671875
1 0.64921875 0.57890625 0.0578125 0.08984375
1 0.38515625 0.29921875 0.03828125 0.07421875
1 0.43359375 0.29921875 0.0390625 0.06796875
1 0.4796875 0.2984375 0.03984375 0.06953125
1 0.525 0.29453125 0.0375 0.05859375
0 0.57265625 0.35078125 0.0265625 0.121875
1 0.57421875 0.29140625 0.040625 0.05546875
1 0.6203125 0.2953125 0.03671875 0.06640625
1 0.66796875 0.29609375 0.0375 0.06484375
1 0.715625 0.29140625 0.040625 0.06484375
0 0.25859375 0.4359375 0.03359375 0.14375
0 0.2625 0.334375 0.0234375 0.103125
0 0.31484375 0.4078125 0.0234375 0.134375
0 0.359375 0.41640625 0.0296875 0.1421875
0 0.42265625 0.34921875 0.02109375 0.115625
0 0.45546875 0.38046875 0.0296875 0.125
0 0.521875 0.36015625 0.03125 0.121875