0 0.27265625 0.44609375 0.02265625 0.1046875
0 0.32421875 0.43515625 0.0390625 0.07421875
0 0.3734375 0.43984375 0.021875 0.08671875
1 0.41484375 0.496875 0.03046875 0.06171875
0 0.4078125 0.471875 0.0234375 0.1046875
0 0.58046875 0.49296875 0.025 0.103125
0 0.7046875 0.51796875 0.0296875 0.115625
0 0.77578125 0.52890625 0.02890625 0.103125
0 0.84765625 0.5453125 0.040625 0.1125
1 0.62265625 0.540625 0.0328125 0.06640625
1 0.55625 0.5265625 0.03203125 0.05859375
1 0.48671875 0.509375 0.0296875 0.04609375
1 0.29375 0.46875 0.0265625 0.04765625
1 0.35546875 0.4828125 0.03203125 0.07109375