1 0.58984375 0.31171875 0.028125 0.0552734375
1 0.56953125 0.26796875 0.0296875 0.0486328125
1 0.5375 0.2296875 0.0244140625 0.0376953125
1 0.49609375 0.2046875 0.021875 0.0408203125
1 0.45234375 0.184375 0.019921875 0.0376953125
1 0.40078125 0.16328125 0.020703125 0.0361328125
1 0.3546875 0.15546875 0.0220703125 0.0357421875
1 0.18984375 0.1546875 0.0197265625 0.0345703125
1 0.2375 0.16796875 0.025 0.0416015625
0 0.3140625 0.86875 0.059765625 0.1900390625
0 0.55078125 0.69453125 0.0423828125 0.140625
0 0.6796875 0.2359375 0.0283203125 0.0939453125
0 0.71640625 0.2625 0.023046875 0.0623046875
0 0.74296875 0.31484375 0.0171875 0.0642578125
0 0.75703125 0.3640625 0.026171875 0.0814453125
0 0.73984375 0.45234375 0.0265625 0.0892578125
0 0.6828125 0.575 0.031640625 0.125390625
1 0.30234375 0.140625 0.0197265625 0.0439453125