1 0.3234375 0.32578125 0.06953125 0.1078125
1 0.40625 0.30078125 0.065625 0.0984375
1 0.49140625 0.284375 0.065625 0.096875
1 0.57890625 0.26796875 0.0625 0.09375
1 0.6671875 0.25078125 0.0625 0.09140625
1 0.75859375 0.22734375 0.0609375 0.08828125
1 0.85546875 0.2125 0.0578125 0.09140625
1 0.94765625 0.19921875 0.06875 0.08671875
0 0.75234375 0.40546875 0.040625 0.18984375
0 0.6734375 0.39609375 0.04765625 0.20234375
0 0.6078125 0.48046875 0.0484375 0.18671875
0 0.52890625 0.49296875 0.040625 0.17421875
0 0.4359375 0.51171875 0.0390625 0.20546875
0 0.32109375 0.48984375 0.0421875 0.21171875
0 0.2609375 0.56640625 0.03828125 0.18828125
0 0.484375 0.72578125 0.0453125 0.2359375