0 0.334375 0.325 0.0345703125 0.103515625
0 0.28828125 0.40703125 0.044921875 0.140625
0 0.3546875 0.38671875 0.0345703125 0.129296875
0 0.39453125 0.3921875 0.0357421875 0.12265625
0 0.49375 0.34375 0.024609375 0.112109375
0 0.5171875 0.36875 0.03515625 0.11875
0 0.5890625 0.33828125 0.037890625 0.115625
0 0.65 0.31953125 0.028125 0.0798828125
1 0.284375 0.615625 0.059375 0.0935546875
1 0.3453125 0.6140625 0.0650390625 0.0935546875
1 0.4015625 0.615625 0.0595703125 0.0943359375
1 0.4578125 0.61171875 0.066015625 0.0958984375
1 0.5140625 0.61328125 0.056640625 0.1015625
1 0.56796875 0.60859375 0.059375 0.0947265625
1 0.625 0.6046875 0.0595703125 0.0943359375
1 0.68125 0.5984375 0.066015625 0.0908203125
1 0.75234375 0.31171875 0.041796875 0.0728515625
1 0.703125 0.31015625 0.0443359375 0.0701171875
1 0.65546875 0.31484375 0.040625 0.0615234375
1 0.60859375 0.31953125 0.0396484375 0.0615234375
1 0.55703125 0.31796875 0.040625 0.0673828125
1 0.5109375 0.32109375 0.0435546875 0.0603515625
1 0.46328125 0.3203125 0.044921875 0.0658203125
1 0.41640625 0.321875 0.048828125 0.0783203125