0 0.8703125 0.70078125 0.0328125 0.1515625
0 0.09140625 0.54375 0.03828125 0.17421875
0 0.159375 0.503125 0.0578125 0.17578125
0 0.45234375 0.55625 0.03828125 0.19296875
0 0.41953125 0.49375 0.04140625 0.16640625
0 0.48671875 0.48984375 0.04921875 0.146875
0 0.44375 0.4375 0.034375 0.134375
0 0.475 0.41015625 0.0328125 0.1109375
1 0.57109375 0.74765625 0.0515625 0.103125
1 0.61796875 0.72734375 0.05 0.10625
1 0.6625 0.70625 0.0421875 0.115625
1 0.70546875 0.6796875 0.03984375 0.10625
1 0.74921875 0.66484375 0.046875 0.1171875
1 0.79375 0.63359375 0.0390625 0.125
1 0.83125 0.63046875 0.03671875 0.109375
1 0.878125 0.60546875 0.04375 0.09375