0 0.275 0.4140625 0.04921875 0.10234375
0 0.33125 0.41640625 0.0412109375 0.11875
0 0.3953125 0.40703125 0.027734375 0.1046875
0 0.42890625 0.42890625 0.038671875 0.1
1 0.5828125 0.4640625 0.0310546875 0.0630859375
0 0.60390625 0.44453125 0.0359375 0.0916015625
0 0.72109375 0.47734375 0.029296875 0.104296875
0 0.7984375 0.48671875 0.0435546875 0.101171875
0 0.86640625 0.5109375 0.03125 0.109375
1 0.953125 0.54453125 0.0373046875 0.0611328125
1 0.88359375 0.528125 0.0357421875 0.0662109375
1 0.65546875 0.4828125 0.040625 0.0681640625
1 0.515625 0.44765625 0.03125 0.0541015625