1 0.04765625 0.22109375 0.0265625 0.04765625
1 0.12421875 0.2375 0.02421875 0.04921875
1 0.1953125 0.2515625 0.028125 0.04609375
1 0.26640625 0.2765625 0.03046875 0.05234375
1 0.32890625 0.30625 0.03046875 0.05078125
1 0.38671875 0.33984375 0.03359375 0.04921875
1 0.434375 0.390625 0.03671875 0.05546875
1 0.46171875 0.4390625 0.0421875 0.05703125
0 0.48203125 0.7328125 0.0375 0.1328125
0 0.5671875 0.6 0.03828125 0.1296875
0 0.36640625 0.2609375 0.02265625 0.07421875
0 0.42265625 0.2828125 0.03671875 0.07890625
0 0.4875 0.31875 0.03125 0.08515625
0 0.5328125 0.35625 0.03125 0.1046875
0 0.56875 0.42890625 0.0234375 0.1046875
0 0.596875 0.528125 0.0234375 0.1140625