0 0.80390625 0.57734375 0.0396484375 0.115625
0 0.728125 0.56953125 0.0318359375 0.1265625
0 0.66484375 0.55390625 0.041796875 0.108203125
0 0.52578125 0.5234375 0.0357421875 0.10390625
0 0.3484375 0.5078125 0.0443359375 0.0912109375
0 0.2875 0.4859375 0.0251953125 0.0935546875
0 0.2640625 0.49296875 0.0279296875 0.0892578125
0 0.2125 0.475 0.04296875 0.0908203125
1 0.15390625 0.53125 0.032421875 0.0599609375
1 0.02421875 0.5078125 0.030078125 0.0595703125
1 0.0890625 0.521875 0.0224609375 0.0591796875
1 0.2125 0.546875 0.033984375 0.0599609375
1 0.60625 0.5375 0.0375 0.0658203125
1 0.8578125 0.5796875 0.031640625 0.0693359375
1 0.7703125 0.5640625 0.0341796875 0.0599609375
1 0.95546875 0.5953125 0.04375 0.0841796875