1 0.12578125 0.5765625 0.1296875 0.15
1 0.23984375 0.57578125 0.1166015625 0.136328125
1 0.33828125 0.56875 0.1078125 0.134375
1 0.42421875 0.565625 0.0978515625 0.121875
1 0.5015625 0.56015625 0.093359375 0.119921875
1 0.57890625 0.55859375 0.089453125 0.113671875
1 0.646875 0.5546875 0.087109375 0.109765625
1 0.7171875 0.5515625 0.078125 0.109375
0 0.1234375 0.49296875 0.0685546875 0.253125
0 0.196875 0.48984375 0.0474609375 0.248828125
0 0.57109375 0.4828125 0.0705078125 0.4193359375
0 0.40078125 0.42890625 0.069921875 0.1791015625
0 0.50859375 0.42890625 0.061328125 0.1611328125
0 0.68203125 0.4984375 0.0359375 0.2095703125
0 0.61015625 0.48671875 0.048046875 0.2177734375