1 0.778125 0.54609375 0.03203125 0.07109375
1 0.7125 0.525 0.03203125 0.06796875
1 0.6359375 0.5046875 0.03359375 0.04921875
1 0.56328125 0.49453125 0.0359375 0.06328125
1 0.49921875 0.4734375 0.03125 0.05859375
1 0.434375 0.46484375 0.03359375 0.05859375
1 0.36953125 0.453125 0.03046875 0.06015625
0 0.26796875 0.42265625 0.028125 0.1078125
0 0.325 0.421875 0.0296875 0.08828125
0 0.384375 0.42578125 0.0296875 0.0984375
0 0.415625 0.45625 0.02265625 0.103125
0 0.57734375 0.46015625 0.0421875 0.06796875
0 0.69609375 0.4984375 0.02890625 0.1171875
0 0.77421875 0.5125 0.02890625 0.1109375
0 0.84609375 0.52578125 0.03203125 0.1125