0 0.11796875 0.38984375 0.033203125 0.0767578125
0 0.1453125 0.42578125 0.0306640625 0.0927734375
0 0.265625 0.42109375 0.0470703125 0.103125
0 0.3765625 0.4359375 0.041015625 0.106640625
0 0.559375 0.45078125 0.0556640625 0.0728515625
0 0.7453125 0.4890625 0.037890625 0.09765625
0 0.78203125 0.478125 0.0673828125 0.0779296875
0 0.9171875 0.54609375 0.04765625 0.1125
1 0.86484375 0.5515625 0.040625 0.0755859375
1 0.76171875 0.51796875 0.045703125 0.0701171875
1 0.2015625 0.4375 0.03125 0.0662109375
1 0.30390625 0.45 0.0205078125 0.0689453125