0 0.70859375 0.7265625 0.0421875 0.2064453125
0 0.18203125 0.53046875 0.054296875 0.1791015625
0 0.14765625 0.5703125 0.0515625 0.1880859375
0 0.45234375 0.56640625 0.0673828125 0.1607421875
0 0.49453125 0.51640625 0.064453125 0.1328125
0 0.53125 0.51328125 0.046484375 0.1830078125
0 0.565625 0.5078125 0.0525390625 0.147265625
0 0.60546875 0.5078125 0.0396484375 0.1693359375
1 0.27109375 0.665625 0.061328125 0.096875
1 0.3359375 0.6515625 0.06640625 0.10625
1 0.3921875 0.64453125 0.0625 0.108203125
1 0.4515625 0.628125 0.069140625 0.11328125
1 0.509375 0.62421875 0.0625 0.108203125
1 0.5671875 0.61015625 0.0599609375 0.109375
1 0.62265625 0.60078125 0.0638671875 0.111328125
1 0.68046875 0.58515625 0.063671875 0.0958984375
1 0.15078125 0.18515625 0.0548828125 0.0705078125
1 0.09453125 0.1890625 0.0552734375 0.0724609375
1 0.034375 0.20078125 0.0619140625 0.0708984375