0 0.79140625 0.71640625 0.06015625 0.19140625
0 0.55546875 0.453125 0.0515625 0.18046875
0 0.515625 0.49921875 0.034375 0.16796875
0 0.4828125 0.4609375 0.03828125 0.18671875
0 0.4578125 0.54453125 0.0375 0.16953125
0 0.45078125 0.49296875 0.03828125 0.16484375
0 0.121875 0.53203125 0.0265625 0.16328125
0 0.15703125 0.49765625 0.0390625 0.16171875
1 0.2296875 0.3796875 0.053125 0.08359375
1 0.178125 0.38828125 0.05 0.08203125
1 0.128125 0.3984375 0.0546875 0.08984375
1 0.07734375 0.4140625 0.053125 0.08515625
1 0.0265625 0.421875 0.0515625 0.08828125