1 0.50703125 0.46328125 0.0328125 0.0541015625
1 0.64375 0.4984375 0.0310546875 0.0748046875
1 0.71640625 0.50546875 0.0326171875 0.0482421875
1 0.7921875 0.53125 0.03984375 0.0693359375
1 0.86640625 0.546875 0.0365234375 0.0626953125
0 0.275 0.41875 0.037109375 0.109765625
0 0.33125 0.4234375 0.0435546875 0.100390625
0 0.3875 0.40625 0.05 0.0787109375
0 0.42265625 0.44453125 0.028125 0.1046875
0 0.5875 0.46640625 0.0619140625 0.101171875
0 0.71015625 0.4671875 0.0451171875 0.0470703125
0 0.778125 0.4796875 0.0564453125 0.0685546875
0 0.853125 0.5078125 0.058984375 0.0751953125