0 0.83828125 0.7234375 0.0859375 0.1658203125
0 0.04453125 0.56953125 0.036328125 0.1736328125
0 0.1234375 0.54765625 0.055859375 0.1736328125
0 0.375 0.5640625 0.062109375 0.1623046875
1 0.18828125 0.6421875 0.045703125 0.105859375
1 0.228125 0.61484375 0.0380859375 0.123046875
1 0.26796875 0.5875 0.048828125 0.112109375
1 0.30703125 0.56953125 0.0427734375 0.109375
1 0.44453125 0.50390625 0.042578125 0.0947265625
0 0.396875 0.47734375 0.0466796875 0.113671875
0 0.35234375 0.4734375 0.0396484375 0.0849609375