1 0.15078125 0.53125 0.021875 0.0689453125
0 0.1671875 0.515625 0.03359375 0.0904296875
0 0.23125 0.52109375 0.03671875 0.1015625
0 0.32890625 0.54296875 0.033203125 0.1015625
0 0.49921875 0.5625 0.0263671875 0.1125
0 0.6453125 0.5765625 0.0341796875 0.097265625
0 0.7109375 0.5890625 0.04765625 0.10390625
0 0.79765625 0.5953125 0.0484375 0.096875
1 0.61875 0.60234375 0.0185546875 0.0669921875
1 0.53515625 0.59296875 0.020703125 0.0673828125
1 0.45234375 0.57421875 0.030078125 0.0572265625
1 0.3734375 0.565625 0.0251953125 0.0568359375
1 0.29609375 0.55390625 0.0271484375 0.0521484375
1 0.221875 0.54453125 0.03046875 0.0552734375