0 0.79140625 0.71640625 0.0615234375 0.1919921875
0 0.55546875 0.453125 0.061328125 0.1837890625
0 0.515625 0.49921875 0.034765625 0.1673828125
0 0.4828125 0.4609375 0.0408203125 0.1873046875
0 0.4578125 0.54453125 0.053125 0.1708984375
0 0.45078125 0.49296875 0.0416015625 0.1642578125
0 0.121875 0.53203125 0.02578125 0.1638671875
0 0.15703125 0.49765625 0.0484375 0.1634765625
1 0.2296875 0.3796875 0.059765625 0.0876953125
1 0.178125 0.38828125 0.05078125 0.0830078125
1 0.128125 0.3984375 0.059765625 0.0931640625
1 0.07734375 0.4140625 0.057421875 0.0873046875
1 0.0265625 0.42109375 0.053125 0.0890625