0 0.19375 0.27109375 0.031640625 0.0861328125
0 0.1375 0.24921875 0.05625 0.0767578125
0 0.31328125 0.2984375 0.0330078125 0.0880859375
0 0.3953125 0.321875 0.03359375 0.0681640625
0 0.51640625 0.37890625 0.044921875 0.0888671875
0 0.64921875 0.48203125 0.06875 0.0708984375
1 0.70078125 0.6234375 0.0697265625 0.0841796875
0 0.69765625 0.60390625 0.051953125 0.1453125
0 0.63671875 0.43671875 0.038671875 0.0634765625
1 0.121875 0.28671875 0.0314453125 0.0580078125
1 0.221875 0.31015625 0.034765625 0.0634765625
1 0.32109375 0.3390625 0.040625 0.0720703125
1 0.41875 0.3703125 0.0375 0.0693359375
1 0.509375 0.41875 0.055859375 0.0751953125
1 0.58671875 0.465625 0.0482421875 0.0775390625
1 0.6546875 0.53125 0.0498046875 0.0595703125