1 0.3234375 0.32578125 0.0720703125 0.109375
1 0.40625 0.30078125 0.071484375 0.1015625
1 0.49140625 0.284375 0.071875 0.100390625
1 0.57890625 0.26796875 0.0625 0.09375
1 0.6671875 0.25078125 0.062890625 0.0919921875
1 0.75859375 0.22734375 0.066796875 0.0919921875
1 0.85546875 0.2125 0.0609375 0.0935546875
1 0.94765625 0.19921875 0.075 0.0916015625
0 0.75234375 0.40546875 0.0453125 0.1896484375
0 0.6734375 0.39609375 0.0599609375 0.2041015625
0 0.6078125 0.48046875 0.049609375 0.1861328125
0 0.52890625 0.49296875 0.042578125 0.1736328125
0 0.4359375 0.51171875 0.04765625 0.2052734375
0 0.32109375 0.48984375 0.05625 0.2134765625
0 0.2609375 0.56640625 0.0533203125 0.1896484375
0 0.484375 0.72578125 0.06328125 0.2375