1 0.30234375 0.6640625 0.0669921875 0.097265625
1 0.37734375 0.640625 0.0646484375 0.0900390625
1 0.45234375 0.61796875 0.066796875 0.0853515625
1 0.5375 0.60859375 0.0619140625 0.0830078125
1 0.61640625 0.58984375 0.054296875 0.0888671875
1 0.6984375 0.578125 0.0720703125 0.0876953125
1 0.7890625 0.56953125 0.0599609375 0.0919921875
1 0.87734375 0.546875 0.0611328125 0.0876953125
0 0.3515625 0.753125 0.0375 0.1970703125
0 0.278125 0.66015625 0.03828125 0.1669921875
0 0.38828125 0.5671875 0.0634765625 0.10625
0 0.48359375 0.615625 0.0322265625 0.1564453125
0 0.5640625 0.60390625 0.0462890625 0.157421875
0 0.6421875 0.5921875 0.040234375 0.14375
0 0.76796875 0.5390625 0.0423828125 0.134765625
0 0.84140625 0.5453125 0.0513671875 0.1662109375