0 0.91328125 0.53828125 0.045703125 0.11875
0 0.775 0.50078125 0.0341796875 0.104296875
0 0.7453125 0.4859375 0.0443359375 0.0962890625
0 0.5578125 0.44375 0.031640625 0.0849609375
0 0.38515625 0.42265625 0.0478515625 0.095703125
0 0.2671875 0.40625 0.043359375 0.0912109375
0 0.1359375 0.39921875 0.05625 0.0771484375
0 0.1140625 0.39296875 0.0255859375 0.0830078125
1 0.928125 0.484375 0.040234375 0.0720703125
1 0.67265625 0.5109375 0.038671875 0.0681640625
1 0.7765625 0.53671875 0.04140625 0.0552734375
1 0.22109375 0.440625 0.0263671875 0.0689453125