0 0.35 0.39765625 0.03359375 0.115625
1 0.36796875 0.39765625 0.03984375 0.06640625
1 0.4078125 0.39765625 0.03671875 0.06640625
1 0.46171875 0.39375 0.03984375 0.07109375
1 0.51171875 0.3953125 0.0390625 0.06484375
1 0.56328125 0.39609375 0.04140625 0.07265625
1 0.6140625 0.3953125 0.04609375 0.06484375
1 0.6609375 0.39140625 0.0390625 0.06015625
1 0.71171875 0.3890625 0.04140625 0.05859375
1 0.6421875 0.69375 0.06015625 0.09140625
1 0.58046875 0.69296875 0.05546875 0.0953125
1 0.525 0.69609375 0.06015625 0.09296875
1 0.46640625 0.69609375 0.06328125 0.08671875
1 0.40703125 0.69921875 0.06015625 0.08046875
1 0.35078125 0.70390625 0.0609375 0.08046875
1 0.28828125 0.70546875 0.06328125 0.08671875
1 0.2265625 0.70859375 0.0625 0.09296875
0 0.81484375 0.33359375 0.0265625 0.0984375
0 0.74375 0.34453125 0.03203125 0.115625
0 0.62890625 0.3390625 0.04453125 0.07265625
0 0.46953125 0.38125 0.03125 0.1265625
0 0.4265625 0.3796875 0.0234375 0.1171875