1 0.8796875 0.5671875 0.0185546875 0.0689453125
1 0.775 0.55703125 0.025 0.0771484375
1 0.15 0.565625 0.0216796875 0.0626953125
1 0.06953125 0.55390625 0.0294921875 0.0603515625
1 0.41328125 0.5265625 0.021875 0.0591796875
1 0.58359375 0.5421875 0.030078125 0.0658203125
1 0.9875 0.5796875 0.025 0.078125
0 0.815625 0.56015625 0.0533203125 0.103125
0 0.70859375 0.55546875 0.0486328125 0.1
0 0.6609375 0.5515625 0.0400390625 0.09375
0 0.49921875 0.53515625 0.028125 0.0984375
0 0.32421875 0.52265625 0.023046875 0.0826171875
0 0.21875 0.50546875 0.034375 0.0861328125
0 0.18125 0.4953125 0.0408203125 0.0880859375
0 0.13984375 0.5 0.0517578125 0.0904296875