0 0.43515625 0.77265625 0.041796875 0.220703125
0 0.275 0.625 0.049609375 0.1974609375
0 0.35859375 0.55 0.0548828125 0.1880859375
0 0.4515625 0.57109375 0.0556640625 0.1833984375
0 0.546875 0.565625 0.046875 0.1841796875
0 0.62734375 0.54375 0.0544921875 0.1814453125
0 0.71484375 0.48046875 0.053125 0.1697265625
0 0.7984375 0.47734375 0.04609375 0.1728515625
1 0.346875 0.46953125 0.0720703125 0.0947265625
1 0.42734375 0.45 0.067578125 0.09375
1 0.51015625 0.4328125 0.067578125 0.0845703125
1 0.59921875 0.4203125 0.0734375 0.0845703125
1 0.68671875 0.4015625 0.0701171875 0.10234375
1 0.775 0.384375 0.06171875 0.0908203125
1 0.86640625 0.36328125 0.0734375 0.0958984375
1 0.96171875 0.353125 0.0625 0.0841796875