1 0.5515625 0.565625 0.04921875 0.07265625
1 0.51875 0.49296875 0.04921875 0.06640625
1 0.4609375 0.43046875 0.04375 0.06484375
1 0.38984375 0.3859375 0.04140625 0.05546875
1 0.31015625 0.3484375 0.0296875 0.05546875
1 0.22421875 0.31796875 0.0328125 0.05234375
1 0.13359375 0.2984375 0.034375 0.05390625
1 0.03984375 0.27734375 0.0296875 0.06015625
0 0.19296875 0.28125 0.02265625 0.08359375
0 0.25546875 0.29453125 0.03359375 0.07421875
0 0.3546875 0.3203125 0.0359375 0.1
0 0.42734375 0.35859375 0.03671875 0.09375
0 0.51484375 0.41015625 0.03125 0.09296875
0 0.5984375 0.4796875 0.0375 0.0984375
0 0.60703125 0.54375 0.04375 0.128125
0 0.603125 0.64765625 0.0328125 0.121875