1 0.31015625 0.54765625 0.0333984375 0.0572265625
1 0.25078125 0.53515625 0.033203125 0.0572265625
1 0.1859375 0.51875 0.034375 0.0529296875
1 0.1234375 0.50546875 0.0337890625 0.0486328125
1 0.06328125 0.4953125 0.0396484375 0.0587890625
1 0.63046875 0.53046875 0.0265625 0.0669921875
1 0.88359375 0.56796875 0.034375 0.0615234375
1 0.97890625 0.5859375 0.026953125 0.0658203125
1 0.709375 0.540625 0.03671875 0.0591796875
1 0.79140625 0.56171875 0.035546875 0.0646484375
0 0.2375 0.47734375 0.0279296875 0.103125
0 0.28671875 0.4859375 0.0234375 0.096484375
0 0.32109375 0.47890625 0.0365234375 0.0927734375
0 0.37265625 0.49921875 0.048046875 0.1109375
0 0.55 0.525 0.0380859375 0.10078125
0 0.68359375 0.5375 0.0453125 0.099609375
0 0.75234375 0.56328125 0.0419921875 0.1015625
0 0.83046875 0.571875 0.051953125 0.100390625