1 0.49453125 0.47421875 0.04375 0.0791015625
1 0.596875 0.49921875 0.034765625 0.0771484375
1 0.85703125 0.47734375 0.0419921875 0.0767578125
1 0.971875 0.5171875 0.04375 0.0873046875
1 0.7421875 0.44921875 0.04375 0.0673828125
1 0.03203125 0.4109375 0.032421875 0.0568359375
0 0.115625 0.378125 0.037890625 0.0912109375
0 0.1546875 0.378125 0.0443359375 0.0912109375
0 0.265625 0.39453125 0.053125 0.0947265625
0 0.3828125 0.4078125 0.03984375 0.09765625
0 0.5578125 0.44140625 0.04765625 0.0919921875
0 0.7296875 0.4765625 0.0408203125 0.109765625
0 0.771875 0.4984375 0.0462890625 0.097265625
0 0.89375 0.5546875 0.053125 0.124609375