1 0.50703125 0.46328125 0.0296875 0.05234375
1 0.64375 0.4984375 0.03046875 0.07421875
1 0.71640625 0.50546875 0.03203125 0.04765625
1 0.7921875 0.53125 0.0359375 0.06796875
1 0.86640625 0.546875 0.03671875 0.06328125
0 0.275 0.41875 0.0328125 0.109375
0 0.33125 0.4234375 0.04140625 0.1
0 0.3875 0.40625 0.046875 0.07734375
0 0.42265625 0.44453125 0.0265625 0.1046875
0 0.5875 0.46640625 0.05546875 0.0984375
0 0.71015625 0.4671875 0.04453125 0.04765625
0 0.778125 0.4796875 0.05234375 0.06484375
0 0.853125 0.5078125 0.0578125 0.07421875