0 0.51953125 0.69453125 0.06484375 0.25
0 0.67265625 0.321875 0.0453125 0.2203125
0 0.59609375 0.3203125 0.05234375 0.20546875
0 0.5484375 0.40390625 0.05625 0.20859375
0 0.48125 0.44609375 0.04609375 0.19453125
0 0.39609375 0.45 0.04375 0.17734375
0 0.25234375 0.43125 0.06015625 0.20234375
0 0.2125 0.51015625 0.04609375 0.2296875
1 0.23359375 0.159375 0.06875 0.10625
1 0.3234375 0.1421875 0.0671875 0.1015625
1 0.40859375 0.1203125 0.0578125 0.1046875
1 0.496875 0.10546875 0.06796875 0.09375
1 0.584375 0.0890625 0.065625 0.09375
1 0.67421875 0.071875 0.0578125 0.1
1 0.76953125 0.05 0.05625 0.09375
1 0.8640625 0.0359375 0.0625 0.071875
1 0.934375 0.709375 0.084375 0.121875
1 0.88515625 0.74453125 0.0859375 0.109375
1 0.8375 0.78046875 0.08046875 0.125
1 0.78671875 0.82734375 0.0859375 0.1171875
1 0.7375 0.8546875 0.09375 0.1234375
1 0.69296875 0.89921875 0.08359375 0.1125
1 0.6375 0.9421875 0.1015625 0.115625
1 0.5859375 0.96640625 0.103125 0.0671875