0 0.15703125 0.41328125 0.03984375 0.1109375
0 0.24453125 0.4109375 0.0296875 0.109375
0 0.38125 0.39296875 0.04375 0.096875
0 0.36171875 0.41328125 0.0484375 0.1015625
0 0.55546875 0.4125 0.0359375 0.10625
0 0.6375 0.41171875 0.03359375 0.0953125
0 0.7609375 0.41484375 0.046875 0.1046875
0 0.83984375 0.41640625 0.03359375 0.08671875
1 0.059375 0.46171875 0.03125 0.06796875
1 0.13125 0.465625 0.03203125 0.06015625
1 0.20234375 0.4671875 0.03125 0.07578125
1 0.27109375 0.46484375 0.03125 0.06484375