1 0.9453125 0.6109375 0.0255859375 0.0560546875
1 0.853125 0.609375 0.0376953125 0.0693359375
1 0.75625 0.590625 0.01875 0.0658203125
1 0.66953125 0.57890625 0.0291015625 0.0677734375
1 0.58515625 0.56796875 0.0390625 0.0763671875
1 0.42890625 0.53984375 0.023828125 0.0677734375
1 0.35703125 0.528125 0.0359375 0.0599609375
1 0.0453125 0.54921875 0.0318359375 0.0736328125
0 0.17265625 0.49375 0.0322265625 0.09453125
0 0.2453125 0.49921875 0.0376953125 0.0953125
0 0.225 0.50859375 0.033984375 0.101171875
0 0.31953125 0.51953125 0.0328125 0.113671875
0 0.4984375 0.5375 0.0494140625 0.097265625
0 0.63671875 0.56015625 0.045703125 0.101171875
0 0.7015625 0.57421875 0.0470703125 0.1125
0 0.78359375 0.5828125 0.0384765625 0.09765625