1 0.9453125 0.6109375 0.02578125 0.05546875
1 0.853125 0.609375 0.03359375 0.06796875
1 0.75625 0.590625 0.01875 0.06640625
1 0.66953125 0.57890625 0.02421875 0.06796875
1 0.58515625 0.56796875 0.0328125 0.07421875
1 0.42890625 0.53984375 0.01875 0.06796875
1 0.35703125 0.528125 0.03125 0.05859375
1 0.0453125 0.54921875 0.03203125 0.07421875
0 0.17265625 0.49375 0.02265625 0.0953125
0 0.2453125 0.49921875 0.03046875 0.09375
0 0.225 0.50859375 0.025 0.1
0 0.31953125 0.51953125 0.028125 0.1125
0 0.4984375 0.5375 0.04609375 0.096875
0 0.63671875 0.56015625 0.0390625 0.0984375
0 0.7015625 0.57421875 0.03984375 0.1109375
0 0.78359375 0.5828125 0.03046875 0.096875