0 0.0921875 0.534375 0.05 0.1779296875
0 0.15859375 0.51171875 0.060546875 0.148828125
0 0.46171875 0.41796875 0.03125 0.1015625
0 0.4375 0.44921875 0.0498046875 0.13125
0 0.478125 0.49765625 0.0626953125 0.158203125
0 0.41640625 0.50390625 0.0546875 0.1634765625
0 0.45234375 0.55 0.058203125 0.1974609375
0 0.88359375 0.70625 0.057421875 0.143359375
1 0.77578125 0.575 0.042578125 0.0931640625
1 0.4859375 0.715625 0.0591796875 0.10078125
1 0.5328125 0.6921875 0.0466796875 0.106640625
1 0.5734375 0.68046875 0.0494140625 0.119921875
1 0.61640625 0.65078125 0.0484375 0.1234375
1 0.6546875 0.63828125 0.0373046875 0.107421875
1 0.69375 0.61953125 0.0466796875 0.0916015625
1 0.734375 0.59453125 0.0439453125 0.0953125