1 0.2296875 0.59921875 0.13046875 0.17109375
1 0.35 0.59765625 0.109375 0.17734375
1 0.45625 0.59765625 0.1 0.18671875
1 0.54765625 0.58671875 0.0875 0.16953125
1 0.62890625 0.571875 0.07890625 0.14375
1 0.7078125 0.56484375 0.08671875 0.1546875
1 0.784375 0.55703125 0.0625 0.1359375
1 0.85390625 0.55625 0.0796875 0.121875
0 0.4109375 0.5015625 0.05546875 0.30546875
0 0.2046875 0.5125 0.0390625 0.20390625
0 0.3078125 0.50078125 0.03671875 0.18671875
0 0.50234375 0.48125 0.0453125 0.16953125
0 0.59140625 0.490625 0.0328125 0.16015625
0 0.65859375 0.49140625 0.03359375 0.18984375
0 0.7203125 0.49140625 0.0453125 0.18359375