0 0.275 0.4140625 0.0453125 0.1
0 0.33125 0.41640625 0.03359375 0.1171875
0 0.3953125 0.40703125 0.025 0.1046875
0 0.42890625 0.42890625 0.0296875 0.0984375
1 0.5828125 0.4640625 0.02890625 0.06328125
0 0.60390625 0.44453125 0.0296875 0.08984375
0 0.72109375 0.47734375 0.0234375 0.103125
0 0.7984375 0.48671875 0.03984375 0.1
0 0.86640625 0.5109375 0.028125 0.1078125
1 0.953125 0.54453125 0.03671875 0.06171875
1 0.88359375 0.528125 0.03046875 0.06484375
1 0.65546875 0.4828125 0.0359375 0.06484375
1 0.515625 0.44765625 0.028125 0.05234375