0 0.63046875 0.49609375 0.078125 0.4703125
0 0.49375 0.48359375 0.04453125 0.2578125
0 0.55703125 0.4921875 0.0546875 0.228125
0 0.37734375 0.49296875 0.05625 0.28203125
0 0.15546875 0.49453125 0.04921875 0.20859375
0 0.09453125 0.428125 0.07265625 0.18359375
1 0.07578125 0.5703125 0.11640625 0.134375
1 0.1859375 0.5671875 0.1078125 0.1375
1 0.284375 0.5609375 0.0921875 0.125
1 0.36953125 0.5578125 0.084375 0.11875
1 0.4421875 0.5515625 0.07109375 0.115625
1 0.5078125 0.54921875 0.0609375 0.1171875
1 0.66171875 0.546875 0.0625 0.109375