1 0.30234375 0.6640625 0.0666015625 0.096875
1 0.37734375 0.640625 0.0638671875 0.0880859375
1 0.45234375 0.61796875 0.065625 0.0853515625
1 0.5375 0.60859375 0.0595703125 0.0826171875
1 0.61640625 0.58984375 0.05 0.0861328125
1 0.6984375 0.578125 0.0744140625 0.0880859375
1 0.7890625 0.56953125 0.0650390625 0.0927734375
1 0.87734375 0.546875 0.0646484375 0.0904296875
0 0.3515625 0.753125 0.047265625 0.1974609375
0 0.278125 0.66015625 0.0375 0.1669921875
0 0.38828125 0.5671875 0.0576171875 0.103125
0 0.48359375 0.615625 0.0298828125 0.1564453125
0 0.5640625 0.60390625 0.0498046875 0.1578125
0 0.6421875 0.5921875 0.046484375 0.14609375
0 0.76796875 0.5390625 0.0392578125 0.134375
0 0.84140625 0.5453125 0.0447265625 0.1658203125