0 0.2296875 0.846875 0.08125 0.153515625
0 0.50078125 0.71484375 0.0478515625 0.13125
0 0.675 0.5953125 0.03046875 0.12265625
0 0.7625 0.4828125 0.02578125 0.097265625
0 0.7546875 0.246875 0.019140625 0.0623046875
0 0.784375 0.28515625 0.0212890625 0.0583984375
0 0.8015625 0.33671875 0.02109375 0.0705078125
0 0.79921875 0.39765625 0.0263671875 0.0798828125
1 0.31875 0.15859375 0.01328125 0.025
1 0.35390625 0.165625 0.0169921875 0.0345703125
1 0.4484375 0.159375 0.021484375 0.0412109375
1 0.41015625 0.14609375 0.0166015625 0.0330078125
1 0.49140625 0.16796875 0.015625 0.0392578125
1 0.5265625 0.184375 0.021484375 0.0376953125
1 0.5640625 0.2015625 0.021484375 0.0412109375
1 0.59921875 0.221875 0.026953125 0.0408203125
1 0.6265625 0.25234375 0.024609375 0.0392578125
1 0.64609375 0.28515625 0.0236328125 0.0423828125