0 0.68359375 0.47109375 0.16875 0.5171875
0 0.53984375 0.4734375 0.075 0.23125
0 0.4609375 0.45703125 0.04765625 0.25
0 0.384375 0.4765625 0.0775390625 0.28359375
0 0.27421875 0.4828125 0.091796875 0.3060546875
0 0.0390625 0.44765625 0.078125 0.2328125
1 0.03046875 0.55 0.0609375 0.128125
1 0.09921875 0.5328125 0.089453125 0.10625
1 0.1859375 0.53984375 0.075390625 0.110546875
1 0.259375 0.534375 0.069140625 0.0908203125
1 0.3265625 0.528125 0.075 0.0962890625
1 0.3875 0.52734375 0.0755859375 0.096875
1 0.45625 0.5234375 0.078515625 0.0904296875