0 0.15703125 0.41328125 0.0490234375 0.113671875
0 0.24453125 0.4109375 0.0296875 0.109375
0 0.38125 0.39296875 0.04921875 0.0984375
0 0.36171875 0.41328125 0.057421875 0.1046875
0 0.55546875 0.4125 0.0375 0.10625
0 0.6375 0.41171875 0.0400390625 0.096875
0 0.7609375 0.41484375 0.053515625 0.107421875
0 0.83984375 0.41640625 0.0388671875 0.0884765625
1 0.059375 0.46171875 0.03203125 0.0677734375
1 0.13125 0.465625 0.0345703125 0.0619140625
1 0.20234375 0.4671875 0.03125 0.0751953125
1 0.27109375 0.46484375 0.032421875 0.0642578125