0 0.096875 0.890625 0.0568359375 0.13125
0 0.40390625 0.79765625 0.065625 0.105078125
0 0.646875 0.65078125 0.0564453125 0.096875
0 0.78359375 0.5390625 0.0326171875 0.100390625
0 0.84296875 0.44765625 0.0265625 0.0833984375
0 0.84609375 0.259375 0.019921875 0.0591796875
0 0.86796875 0.30078125 0.023046875 0.0580078125
0 0.87265625 0.3609375 0.025 0.0654296875
1 0.6984375 0.25 0.0314453125 0.0443359375
1 0.684375 0.21640625 0.0275390625 0.0396484375
1 0.659375 0.1890625 0.028125 0.0412109375
1 0.625 0.1625 0.01875 0.0314453125
1 0.59296875 0.14921875 0.0236328125 0.0388671875
1 0.55234375 0.13125 0.020703125 0.031640625
1 0.47421875 0.11015625 0.019921875 0.0388671875
1 0.5140625 0.121875 0.019140625 0.03125
1 0.42421875 0.1265625 0.0205078125 0.0341796875
1 0.3890625 0.12109375 0.016015625 0.0326171875