0 0.4765625 0.5 0.08125 0.365234375
0 0.16484375 0.51484375 0.0705078125 0.248046875
0 0.24921875 0.47890625 0.0423828125 0.1986328125
0 0.40078125 0.49921875 0.0578125 0.240625
0 0.5796875 0.49140625 0.040234375 0.2017578125
0 0.63359375 0.4859375 0.0375 0.2033203125
0 0.7015625 0.4765625 0.0435546875 0.1720703125
1 0.18671875 0.5953125 0.1447265625 0.1630859375
1 0.30625 0.590625 0.124609375 0.1751953125
1 0.40390625 0.58046875 0.111328125 0.1638671875
1 0.496875 0.57265625 0.090625 0.153125
1 0.575 0.56796875 0.0876953125 0.1390625
1 0.6578125 0.5703125 0.0814453125 0.14609375
1 0.72890625 0.56015625 0.0705078125 0.1265625
1 0.8046875 0.55234375 0.0875 0.1359375