0 0.35 0.39765625 0.0400390625 0.116796875
1 0.36796875 0.39765625 0.0427734375 0.0677734375
1 0.4078125 0.39765625 0.0431640625 0.0697265625
1 0.46171875 0.39375 0.0396484375 0.0716796875
1 0.51171875 0.3953125 0.04375 0.0681640625
1 0.56328125 0.39609375 0.0478515625 0.0759765625
1 0.6140625 0.3953125 0.0501953125 0.0681640625
1 0.6609375 0.39140625 0.04140625 0.0615234375
1 0.71171875 0.3890625 0.0427734375 0.0595703125
1 0.6421875 0.69375 0.0658203125 0.0943359375
1 0.58046875 0.69296875 0.0615234375 0.0984375
1 0.525 0.69609375 0.0626953125 0.0947265625
1 0.46640625 0.69609375 0.0701171875 0.0916015625
1 0.40703125 0.69921875 0.0634765625 0.0822265625
1 0.35078125 0.70390625 0.065625 0.0830078125
1 0.28828125 0.70546875 0.0638671875 0.0861328125
1 0.2265625 0.70859375 0.069140625 0.0978515625
0 0.81484375 0.33359375 0.032421875 0.098828125
0 0.74375 0.34453125 0.0400390625 0.1171875
0 0.62890625 0.3390625 0.0478515625 0.0724609375
0 0.46953125 0.38125 0.034375 0.125390625
0 0.4265625 0.3796875 0.02734375 0.116015625