0 0.334375 0.325 0.0314453125 0.103125
0 0.28828125 0.40703125 0.039453125 0.139453125
0 0.3546875 0.38671875 0.0337890625 0.129296875
0 0.39453125 0.3921875 0.0330078125 0.12265625
0 0.49375 0.34375 0.027734375 0.112109375
0 0.5171875 0.36875 0.033984375 0.11875
0 0.5890625 0.33828125 0.033984375 0.114453125
0 0.65 0.31953125 0.028125 0.0798828125
1 0.284375 0.615625 0.062109375 0.0939453125
1 0.3453125 0.6140625 0.0619140625 0.0908203125
1 0.4015625 0.615625 0.0595703125 0.0943359375
1 0.4578125 0.61171875 0.065234375 0.0955078125
1 0.5140625 0.61328125 0.055859375 0.101171875
1 0.56796875 0.60859375 0.055078125 0.0919921875
1 0.625 0.6046875 0.0568359375 0.0939453125
1 0.68125 0.5984375 0.06328125 0.0904296875
1 0.75234375 0.31171875 0.0421875 0.0728515625
1 0.703125 0.31015625 0.0412109375 0.0673828125
1 0.65546875 0.31484375 0.04375 0.0638671875
1 0.60859375 0.31953125 0.0396484375 0.0615234375
1 0.55703125 0.31796875 0.041796875 0.0673828125
1 0.5109375 0.32109375 0.0408203125 0.0580078125
1 0.46328125 0.3203125 0.0484375 0.0685546875
1 0.41640625 0.321875 0.046875 0.0775390625