1 0.5515625 0.565625 0.0537109375 0.0751953125
1 0.51875 0.49296875 0.0556640625 0.0705078125
1 0.4609375 0.43046875 0.04765625 0.0673828125
1 0.38984375 0.3859375 0.0419921875 0.0560546875
1 0.31015625 0.3484375 0.033203125 0.0568359375
1 0.22421875 0.31796875 0.036328125 0.0544921875
1 0.13359375 0.2984375 0.035546875 0.0537109375
1 0.03984375 0.27734375 0.033203125 0.0615234375
0 0.19296875 0.28125 0.0267578125 0.0845703125
0 0.25546875 0.29453125 0.0361328125 0.0740234375
0 0.3546875 0.3203125 0.037109375 0.1
0 0.42734375 0.35859375 0.0419921875 0.0953125
0 0.51484375 0.41015625 0.03125 0.0923828125
0 0.5984375 0.4796875 0.04609375 0.1
0 0.60703125 0.54375 0.055078125 0.130859375
0 0.603125 0.64765625 0.033984375 0.121875