1 0.134375 0.4984375 0.0251953125 0.0783203125
1 0.434375 0.50703125 0.0193359375 0.0607421875
1 0.52578125 0.5140625 0.0265625 0.0751953125
1 0.3359375 0.50078125 0.0279296875 0.0580078125
1 0.23671875 0.496875 0.0357421875 0.0693359375
0 0.12109375 0.45390625 0.028125 0.0896484375
0 0.1453125 0.45546875 0.0244140625 0.0984375
0 0.22421875 0.453125 0.0388671875 0.09453125
0 0.3390625 0.46796875 0.04609375 0.096875
0 0.52421875 0.47421875 0.0478515625 0.0947265625
0 0.68203125 0.47734375 0.0232421875 0.0794921875
0 0.72578125 0.48203125 0.029296875 0.0736328125
0 0.8515625 0.49453125 0.034375 0.096875