0 0.38203125 0.7859375 0.055078125 0.15390625
0 0.55234375 0.64375 0.0357421875 0.137109375
0 0.62734375 0.53984375 0.0333984375 0.098828125
0 0.6484375 0.44296875 0.0337890625 0.101953125
0 0.64609375 0.35390625 0.033203125 0.0771484375
0 0.62421875 0.32734375 0.0263671875 0.0740234375
0 0.58046875 0.2734375 0.026171875 0.0716796875
0 0.53671875 0.2390625 0.021875 0.0689453125
1 0.509375 0.3546875 0.0375 0.0529296875
1 0.4828125 0.309375 0.0345703125 0.0466796875
1 0.446875 0.2765625 0.034375 0.0537109375
1 0.40078125 0.24453125 0.0330078125 0.0458984375
1 0.35390625 0.22421875 0.0232421875 0.0423828125
1 0.30078125 0.20546875 0.0234375 0.0458984375
1 0.2484375 0.19140625 0.024609375 0.0333984375
1 0.1890625 0.18359375 0.024609375 0.0396484375
1 0.115625 0.215625 0.02421875 0.0380859375
1 0.06015625 0.1953125 0.0173828125 0.0345703125