1 0.07265625 0.52734375 0.023046875 0.0576171875
1 0.425 0.50859375 0.01953125 0.0607421875
1 0.603125 0.51484375 0.0162109375 0.0544921875
1 0.90546875 0.546875 0.0302734375 0.0818359375
0 0.8203125 0.521875 0.037890625 0.0880859375
0 0.7140625 0.52578125 0.0537109375 0.098828125
0 0.66171875 0.52109375 0.032421875 0.096875
0 0.5015625 0.509375 0.0525390625 0.10078125
0 0.32578125 0.48984375 0.042578125 0.1046875
0 0.2171875 0.4765625 0.0470703125 0.1
0 0.17734375 0.46875 0.0396484375 0.096875
0 0.1359375 0.46875 0.0375 0.109375