1 0.07265625 0.52734375 0.0203125 0.05703125
1 0.425 0.50859375 0.0171875 0.06015625
1 0.603125 0.51484375 0.01328125 0.05390625
1 0.90546875 0.546875 0.02421875 0.08203125
0 0.8203125 0.521875 0.0328125 0.08671875
0 0.7140625 0.52578125 0.04765625 0.096875
0 0.66171875 0.52109375 0.0296875 0.096875
0 0.5015625 0.509375 0.04609375 0.0984375
0 0.32578125 0.48984375 0.034375 0.103125
0 0.2171875 0.4765625 0.04140625 0.0984375
0 0.17734375 0.46875 0.03828125 0.096875
0 0.1359375 0.46875 0.0375 0.109375