0 0.44375 0.77890625 0.03671875 0.16796875
0 0.56015625 0.6125 0.0328125 0.1171875
0 0.60390625 0.5296875 0.028125 0.1078125
0 0.5953125 0.421875 0.025 0.096875
0 0.56796875 0.36328125 0.02578125 0.09375
0 0.5328125 0.31875 0.02109375 0.08203125
0 0.47421875 0.278125 0.025 0.09296875
0 0.42734375 0.25625 0.03359375 0.08046875
1 0.084375 0.20546875 0.025 0.04609375
1 0.1515625 0.21796875 0.025 0.04609375
1 0.22109375 0.23828125 0.03046875 0.05078125
1 0.28671875 0.2578125 0.0328125 0.05234375
1 0.3421875 0.28671875 0.0296875 0.05859375
1 0.39609375 0.32109375 0.0328125 0.05859375
1 0.4390625 0.3609375 0.0359375 0.05234375
1 0.465625 0.4109375 0.0390625 0.06328125