1 0.20390625 0.74375 0.06875 0.0943359375
1 0.26640625 0.73984375 0.066796875 0.0896484375
1 0.32734375 0.7390625 0.0609375 0.096484375
1 0.3875 0.73515625 0.0689453125 0.0955078125
1 0.446875 0.73515625 0.0599609375 0.0919921875
1 0.50390625 0.73046875 0.0677734375 0.0896484375
1 0.5625 0.73359375 0.062109375 0.0888671875
1 0.61875 0.72578125 0.065625 0.0888671875
1 0.34609375 0.43203125 0.0453125 0.0646484375
1 0.39296875 0.42734375 0.04375 0.0615234375
1 0.44296875 0.4265625 0.0490234375 0.0658203125
1 0.49140625 0.425 0.046875 0.0623046875
1 0.53828125 0.425 0.04375 0.0681640625
1 0.59296875 0.42421875 0.051171875 0.0603515625
1 0.6421875 0.42265625 0.0474609375 0.0669921875
1 0.69296875 0.4234375 0.045703125 0.0712890625
0 0.36015625 0.41015625 0.0361328125 0.114453125
0 0.44296875 0.37578125 0.0427734375 0.0791015625
0 0.48984375 0.375 0.046875 0.0849609375
0 0.6546875 0.3828125 0.0224609375 0.108984375
0 0.6703125 0.365625 0.031640625 0.1
0 0.76796875 0.3640625 0.0265625 0.121484375
0 0.84453125 0.36015625 0.0455078125 0.128125
0 0.50703125 0.3453125 0.034375 0.096875