0 0.16640625 0.4140625 0.0578125 0.112109375
0 0.25390625 0.415625 0.046875 0.112109375
0 0.35703125 0.409375 0.038671875 0.10078125
0 0.38828125 0.403125 0.040625 0.106640625
0 0.56328125 0.41328125 0.0482421875 0.111328125
0 0.64375 0.41875 0.0375 0.115625
0 0.76640625 0.415625 0.0578125 0.108984375
0 0.8453125 0.4265625 0.058984375 0.121875
1 0.07421875 0.4609375 0.0330078125 0.0681640625
1 0.14609375 0.465625 0.0265625 0.0689453125
1 0.2171875 0.46484375 0.033984375 0.0728515625
1 0.2859375 0.4640625 0.025390625 0.0658203125
1 0.35859375 0.46875 0.0423828125 0.0685546875
1 0.0125 0.46640625 0.025 0.0640625