0 0.86796875 0.559375 0.0375 0.146875
0 0.75546875 0.50703125 0.03203125 0.1375
0 0.7328125 0.46328125 0.0234375 0.1015625
0 0.565625 0.4171875 0.04921875 0.09140625
0 0.40703125 0.38359375 0.040625 0.1125
0 0.3 0.35625 0.04609375 0.1109375
0 0.17109375 0.34375 0.04375 0.103125
0 0.1296875 0.3234375 0.03984375 0.103125
1 0.25390625 0.4171875 0.040625 0.06953125
1 0.35859375 0.4453125 0.0359375 0.06953125
1 0.5 0.3875 0.03125 0.06796875
1 0.61171875 0.4171875 0.03359375 0.06953125
1 0.82578125 0.48671875 0.0390625 0.08515625
1 0.93828125 0.534375 0.0546875 0.07890625