0 0.31875 0.26796875 0.02109375 0.06953125
0 0.37734375 0.2890625 0.028125 0.08203125
0 0.45234375 0.325 0.03203125 0.08515625
0 0.50078125 0.3609375 0.02890625 0.0953125
0 0.54921875 0.421875 0.03125 0.096875
0 0.5921875 0.51171875 0.03125 0.1125
0 0.57265625 0.59453125 0.03671875 0.13125
0 0.5125 0.71484375 0.03203125 0.1453125
1 0.46796875 0.4796875 0.0390625 0.06171875
1 0.03046875 0.24375 0.02109375 0.04921875
1 0.11171875 0.25625 0.02578125 0.04921875
1 0.184375 0.27890625 0.025 0.05078125
1 0.2609375 0.30234375 0.02890625 0.05234375
1 0.3265625 0.33203125 0.0328125 0.05234375
1 0.3875 0.371875 0.03203125 0.05234375
1 0.43828125 0.42421875 0.0375 0.07109375