0 0.21171875 0.36328125 0.0267578125 0.134375
0 0.2328125 0.459375 0.030859375 0.1375
0 0.28671875 0.43046875 0.0296875 0.1546875
0 0.3375 0.446875 0.03671875 0.15625
0 0.38125 0.36484375 0.0216796875 0.128125
0 0.42109375 0.40390625 0.0384765625 0.1234375
0 0.475 0.3671875 0.03125 0.12265625
0 0.52578125 0.35625 0.0384765625 0.11875
1 0.22578125 0.59375 0.057421875 0.0880859375
1 0.28671875 0.5984375 0.057421875 0.097265625
1 0.3453125 0.59140625 0.0630859375 0.1015625
1 0.4 0.59140625 0.062890625 0.0888671875
1 0.45625 0.58203125 0.0599609375 0.0833984375
1 0.50859375 0.58359375 0.0607421875 0.0892578125
1 0.56171875 0.5859375 0.0583984375 0.0935546875
1 0.62421875 0.57734375 0.0611328125 0.0830078125
1 0.6890625 0.29296875 0.04375 0.0759765625
1 0.6390625 0.29921875 0.0443359375 0.0736328125
1 0.590625 0.29765625 0.046875 0.0791015625
1 0.5453125 0.29375 0.044140625 0.0712890625
1 0.496875 0.29765625 0.043359375 0.0701171875
1 0.45 0.2953125 0.040234375 0.0599609375
1 0.4046875 0.30234375 0.0380859375 0.0642578125
1 0.35625 0.3 0.0431640625 0.0662109375