0 0.80390625 0.57734375 0.0423828125 0.115625
0 0.728125 0.56953125 0.0404296875 0.128125
0 0.66484375 0.55390625 0.045703125 0.110546875
0 0.52578125 0.5234375 0.0333984375 0.103515625
0 0.3484375 0.5078125 0.0439453125 0.0912109375
0 0.2875 0.4859375 0.0275390625 0.0939453125
0 0.2640625 0.49296875 0.0251953125 0.0892578125
0 0.2125 0.475 0.04375 0.0912109375
1 0.15390625 0.53125 0.030078125 0.0595703125
1 0.02421875 0.5078125 0.0328125 0.0599609375
1 0.0890625 0.521875 0.0248046875 0.0595703125
1 0.2125 0.546875 0.03671875 0.0619140625
1 0.60625 0.5375 0.03828125 0.0662109375
1 0.8578125 0.5796875 0.031640625 0.0693359375
1 0.7703125 0.5640625 0.0337890625 0.0599609375
1 0.95546875 0.5953125 0.05 0.0869140625