0 0.8703125 0.70078125 0.033984375 0.1515625
0 0.09140625 0.54375 0.0486328125 0.1755859375
0 0.159375 0.503125 0.06328125 0.1775390625
0 0.45234375 0.55625 0.0451171875 0.1939453125
0 0.41953125 0.49375 0.0455078125 0.1662109375
0 0.48671875 0.48984375 0.0490234375 0.146875
0 0.44375 0.4375 0.04453125 0.13671875
0 0.475 0.41015625 0.033984375 0.1109375
1 0.57109375 0.74765625 0.054296875 0.104296875
1 0.61796875 0.72734375 0.0578125 0.109375
1 0.6625 0.70625 0.049609375 0.11796875
1 0.70546875 0.6796875 0.0478515625 0.108984375
1 0.74921875 0.66484375 0.05625 0.1203125
1 0.79375 0.63359375 0.049609375 0.126953125
1 0.83125 0.63046875 0.0404296875 0.110546875
1 0.878125 0.60546875 0.049609375 0.0953125