0 0.334375 0.325 0.03046875 0.103125
0 0.28828125 0.40703125 0.0328125 0.1390625
0 0.3546875 0.38671875 0.02421875 0.128125
0 0.39453125 0.3921875 0.02890625 0.1234375
0 0.49375 0.34375 0.0234375 0.1109375
0 0.5171875 0.36875 0.025 0.1171875
0 0.5890625 0.33828125 0.0296875 0.1140625
0 0.65 0.31953125 0.028125 0.08046875
1 0.284375 0.615625 0.059375 0.09296875
1 0.3453125 0.6140625 0.06015625 0.08984375
1 0.4015625 0.615625 0.05703125 0.09296875
1 0.4578125 0.61171875 0.0578125 0.09140625
1 0.5140625 0.61328125 0.0546875 0.1
1 0.56796875 0.60859375 0.0546875 0.09140625
1 0.625 0.6046875 0.05546875 0.09296875
1 0.68125 0.5984375 0.059375 0.08671875
1 0.75234375 0.31171875 0.0390625 0.07109375
1 0.703125 0.31015625 0.04140625 0.06796875
1 0.65546875 0.31484375 0.0390625 0.06171875
1 0.60859375 0.31953125 0.03828125 0.06171875
1 0.55703125 0.31796875 0.040625 0.06796875
1 0.5109375 0.32109375 0.03984375 0.05859375
1 0.46328125 0.3203125 0.04375 0.06640625
1 0.41640625 0.321875 0.04375 0.07578125