0 0.1390625 0.40703125 0.03203125 0.09296875
0 0.11796875 0.40078125 0.01640625 0.096875
0 0.259375 0.40859375 0.0328125 0.1015625
0 0.38203125 0.42109375 0.040625 0.0984375
0 0.5578125 0.45390625 0.03125 0.1140625
0 0.74140625 0.48671875 0.025 0.1
0 0.77109375 0.50234375 0.03125 0.1
0 0.9078125 0.54765625 0.05390625 0.1265625
1 0.959375 0.5015625 0.03828125 0.06484375
1 0.8421875 0.4703125 0.03828125 0.06796875
1 0.68984375 0.5296875 0.0328125 0.08046875
1 0.59140625 0.49296875 0.03359375 0.06015625