0 0.134375 0.45625 0.02421875 0.09375
0 0.1703125 0.4515625 0.0287109375 0.0818359375
0 0.215625 0.45703125 0.03125 0.0896484375
0 0.33203125 0.46484375 0.0544921875 0.104296875
0 0.50859375 0.4765625 0.0490234375 0.0943359375
0 0.66328125 0.4859375 0.042578125 0.096875
0 0.71953125 0.49453125 0.0396484375 0.0865234375
0 0.825 0.503125 0.04375 0.096484375
1 0.93046875 0.51953125 0.019921875 0.0669921875
1 0.62578125 0.50234375 0.0240234375 0.0673828125
1 0.43984375 0.484375 0.029296875 0.0568359375
1 0.26640625 0.465625 0.0115234375 0.0533203125