0 0.80390625 0.57734375 0.03359375 0.1140625
0 0.728125 0.56953125 0.03046875 0.1265625
0 0.66484375 0.55390625 0.0375 0.1078125
0 0.52578125 0.5234375 0.03359375 0.1046875
0 0.3484375 0.5078125 0.04140625 0.08984375
0 0.2875 0.4859375 0.02265625 0.09296875
0 0.2640625 0.49296875 0.02265625 0.08828125
0 0.2125 0.475 0.040625 0.08984375
1 0.15390625 0.53125 0.028125 0.05859375
1 0.02421875 0.5078125 0.028125 0.05859375
1 0.0890625 0.521875 0.02265625 0.05859375
1 0.2125 0.546875 0.0328125 0.06015625
1 0.60625 0.5375 0.0359375 0.06640625
1 0.8578125 0.5796875 0.028125 0.06953125
1 0.7703125 0.5640625 0.03203125 0.06015625
1 0.95546875 0.5953125 0.04375 0.08359375