1 0.06640625 0.53671875 0.0296875 0.0677734375
1 0.13359375 0.54765625 0.040625 0.0669921875
1 0.4421875 0.53125 0.0248046875 0.0720703125
1 0.59453125 0.5609375 0.0359375 0.0693359375
1 0.6765625 0.56328125 0.030859375 0.0736328125
1 0.76171875 0.5765625 0.0330078125 0.0755859375
1 0.85546875 0.59375 0.0353515625 0.0724609375
1 0.96015625 0.609375 0.026953125 0.0716796875
0 0.79375 0.57890625 0.0255859375 0.1046875
0 0.71328125 0.56953125 0.026953125 0.1046875
0 0.64765625 0.5546875 0.035546875 0.103515625
0 0.51328125 0.53125 0.0359375 0.0912109375
0 0.3375 0.509375 0.040625 0.0908203125
0 0.26875 0.48515625 0.03125 0.098046875
0 0.2453125 0.49296875 0.033984375 0.10625
0 0.19453125 0.4953125 0.0330078125 0.097265625