1 0.3234375 0.32578125 0.0779296875 0.1125
1 0.40625 0.30078125 0.065625 0.0984375
1 0.49140625 0.284375 0.066796875 0.096875
1 0.57890625 0.26796875 0.0640625 0.094921875
1 0.6671875 0.25078125 0.065625 0.0927734375
1 0.75859375 0.22734375 0.06875 0.0927734375
1 0.85546875 0.2125 0.0640625 0.0943359375
1 0.94765625 0.19921875 0.076171875 0.0919921875
0 0.75234375 0.40546875 0.05625 0.1916015625
0 0.6734375 0.39609375 0.0494140625 0.2017578125
0 0.6078125 0.48046875 0.065234375 0.1888671875
0 0.52890625 0.49296875 0.051171875 0.1759765625
0 0.4359375 0.51171875 0.05234375 0.2072265625
0 0.32109375 0.48984375 0.0453125 0.2111328125
0 0.2609375 0.56640625 0.0439453125 0.1892578125
0 0.484375 0.72578125 0.06328125 0.2375