1 0.9453125 0.6109375 0.0255859375 0.0560546875
1 0.853125 0.609375 0.0349609375 0.0689453125
1 0.75625 0.590625 0.01953125 0.0658203125
1 0.66953125 0.57890625 0.0259765625 0.0673828125
1 0.58515625 0.56796875 0.0359375 0.0740234375
1 0.42890625 0.53984375 0.020703125 0.0673828125
1 0.35703125 0.528125 0.035546875 0.0599609375
1 0.0453125 0.54921875 0.0373046875 0.0759765625
0 0.17265625 0.49375 0.0259765625 0.094140625
0 0.2453125 0.49921875 0.0314453125 0.09375
0 0.225 0.50859375 0.02578125 0.1
0 0.31953125 0.51953125 0.0296875 0.1125
0 0.4984375 0.5375 0.0470703125 0.096875
0 0.63671875 0.56015625 0.045703125 0.101171875
0 0.7015625 0.57421875 0.0435546875 0.111328125
0 0.78359375 0.5828125 0.0298828125 0.096875