0 0.91328125 0.53828125 0.048828125 0.119921875
0 0.775 0.50078125 0.0349609375 0.104296875
0 0.7453125 0.4859375 0.0380859375 0.0935546875
0 0.5578125 0.44375 0.02890625 0.0845703125
0 0.38515625 0.42265625 0.0482421875 0.095703125
0 0.2671875 0.40625 0.046484375 0.0935546875
0 0.1359375 0.39921875 0.05625 0.0771484375
0 0.1140625 0.39296875 0.0279296875 0.0830078125
1 0.928125 0.484375 0.037890625 0.0716796875
1 0.67265625 0.5109375 0.034375 0.0658203125
1 0.7765625 0.53671875 0.04375 0.0576171875
1 0.22109375 0.440625 0.0267578125 0.0689453125