1 0.24140625 0.6734375 0.06328125 0.096875
1 0.30390625 0.66796875 0.0625 0.0953125
1 0.36328125 0.6640625 0.06328125 0.08828125
1 0.42265625 0.66171875 0.059375 0.08984375
1 0.48046875 0.66015625 0.0578125 0.09296875
1 0.5375 0.65859375 0.05625 0.08984375
1 0.59453125 0.6578125 0.05703125 0.09375
1 0.653125 0.6546875 0.05625 0.08671875
1 0.7234375 0.3578125 0.04375 0.06171875
1 0.67421875 0.3578125 0.03984375 0.06171875
1 0.6234375 0.36015625 0.04140625 0.06640625
1 0.571875 0.3609375 0.0375 0.06484375
1 0.52578125 0.36328125 0.04140625 0.07265625
1 0.47890625 0.3625 0.03671875 0.07109375
1 0.43203125 0.365625 0.0453125 0.07109375
1 0.3796875 0.36328125 0.04765625 0.06328125
0 0.328125 0.378125 0.03671875 0.1265625
0 0.40234375 0.3671875 0.02890625 0.1265625
0 0.44765625 0.36953125 0.0375 0.115625
0 0.6125 0.33515625 0.0375 0.1328125
0 0.70859375 0.31484375 0.0328125 0.1109375
0 0.7796875 0.315625 0.03203125 0.10625
0 0.44296875 0.30625 0.03203125 0.103125