0 0.27265625 0.44609375 0.0271484375 0.105078125
0 0.32421875 0.43515625 0.039453125 0.0736328125
0 0.3734375 0.43984375 0.028515625 0.0865234375
1 0.41484375 0.496875 0.0353515625 0.0630859375
0 0.4078125 0.471875 0.02734375 0.105859375
0 0.58046875 0.49296875 0.0265625 0.103125
0 0.7046875 0.51796875 0.03984375 0.1171875
0 0.77578125 0.52890625 0.0330078125 0.104296875
0 0.84765625 0.5453125 0.042578125 0.112890625
1 0.62265625 0.540625 0.033203125 0.0658203125
1 0.55625 0.5265625 0.0349609375 0.0599609375
1 0.48671875 0.509375 0.03125 0.0470703125
1 0.29375 0.46875 0.028125 0.0474609375
1 0.35546875 0.4828125 0.0361328125 0.0724609375