0 0.8578125 0.70078125 0.06796875 0.16015625
0 0.02578125 0.5703125 0.0375 0.15859375
0 0.1125 0.54140625 0.059375 0.1359375
0 0.340625 0.56015625 0.03984375 0.1515625
0 0.31171875 0.51015625 0.028125 0.11875
0 0.35078125 0.503125 0.0390625 0.1453125
0 0.30546875 0.4703125 0.0453125 0.1265625
0 0.32890625 0.44140625 0.03203125 0.1546875
1 0.19296875 0.453125 0.0359375 0.09140625
1 0.06328125 0.528125 0.0390625 0.08671875
1 0.1578125 0.46328125 0.0359375 0.08046875
1 0.0953125 0.5 0.03828125 0.08359375
1 0.12578125 0.478125 0.03671875 0.06796875