0 0.3765625 0.75078125 0.0359375 0.20546875
0 0.2859375 0.6546875 0.03671875 0.1546875
0 0.396875 0.59375 0.0375 0.16953125
0 0.48515625 0.60546875 0.04609375 0.15
0 0.57109375 0.60078125 0.034375 0.16171875
0 0.64296875 0.59375 0.03671875 0.17265625
0 0.7625 0.53203125 0.04609375 0.1546875
0 0.83515625 0.5359375 0.03046875 0.15625
1 0.9140625 0.51875 0.05390625 0.08046875
1 0.821875 0.52265625 0.05390625 0.08515625
1 0.7390625 0.5328125 0.06328125 0.08828125
1 0.6515625 0.55625 0.06015625 0.08203125
1 0.5671875 0.5671875 0.06328125 0.08828125
1 0.4859375 0.58203125 0.0625 0.08671875
1 0.40859375 0.6 0.06171875 0.08046875
1 0.32890625 0.61875 0.06875 0.08046875