0 0.3109375 0.39453125 0.0375 0.13125
0 0.371875 0.3765625 0.0265625 0.1359375
0 0.415625 0.371875 0.0296875 0.1390625
0 0.5484375 0.35390625 0.028125 0.125
0 0.5328125 0.33125 0.0234375 0.10625
0 0.63046875 0.3265625 0.02890625 0.109375
0 0.69296875 0.31015625 0.021875 0.1015625
1 0.29765625 0.6265625 0.0546875 0.09296875
1 0.35078125 0.62265625 0.0578125 0.09140625
1 0.409375 0.6171875 0.0578125 0.08984375
1 0.4671875 0.615625 0.059375 0.09296875
1 0.52109375 0.6109375 0.05703125 0.08984375
1 0.57734375 0.60625 0.05703125 0.08671875
1 0.6328125 0.61171875 0.059375 0.08515625
1 0.68984375 0.60703125 0.06015625 0.09375
1 0.7640625 0.3140625 0.04375 0.06328125
1 0.71328125 0.31875 0.03828125 0.06640625
1 0.66015625 0.3171875 0.04453125 0.07890625
1 0.6140625 0.31484375 0.04375 0.06484375
1 0.565625 0.31875 0.04140625 0.06953125
1 0.5171875 0.32421875 0.0421875 0.07109375
1 0.471875 0.32421875 0.04609375 0.07421875
1 0.4234375 0.32734375 0.0421875 0.07421875