1 0.2296875 0.59921875 0.1412109375 0.1791015625
1 0.35 0.59765625 0.125 0.1857421875
1 0.45625 0.59765625 0.112890625 0.1923828125
1 0.54765625 0.58671875 0.088671875 0.1701171875
1 0.62890625 0.571875 0.0892578125 0.14921875
1 0.7078125 0.56484375 0.0873046875 0.1546875
1 0.784375 0.55703125 0.074609375 0.140625
1 0.85390625 0.55625 0.0875 0.12578125
0 0.4109375 0.5015625 0.0787109375 0.3087890625
0 0.2046875 0.5125 0.053125 0.2056640625
0 0.3078125 0.50078125 0.0505859375 0.1884765625
0 0.50234375 0.48125 0.045703125 0.1689453125
0 0.59140625 0.490625 0.038671875 0.1599609375
0 0.65859375 0.49140625 0.0423828125 0.1896484375
0 0.7203125 0.49140625 0.050390625 0.1833984375