0 0.8703125 0.70078125 0.03515625 0.1515625
0 0.09140625 0.54375 0.0486328125 0.1755859375
0 0.159375 0.503125 0.06875 0.1779296875
0 0.45234375 0.55625 0.0517578125 0.1943359375
0 0.41953125 0.49375 0.0548828125 0.1685546875
0 0.48671875 0.48984375 0.0513671875 0.148046875
0 0.44375 0.4375 0.04453125 0.13671875
0 0.475 0.41015625 0.037890625 0.111328125
1 0.57109375 0.74765625 0.058203125 0.10625
1 0.61796875 0.72734375 0.0546875 0.1078125
1 0.6625 0.70625 0.052734375 0.118359375
1 0.70546875 0.6796875 0.0423828125 0.106640625
1 0.74921875 0.66484375 0.0515625 0.11875
1 0.79375 0.63359375 0.041015625 0.126171875
1 0.83125 0.63046875 0.0404296875 0.110546875
1 0.878125 0.60546875 0.04375 0.09375