0 0.44375 0.77890625 0.0462890625 0.1677734375
0 0.56015625 0.6125 0.038671875 0.11875
0 0.60390625 0.5296875 0.033203125 0.109375
0 0.5953125 0.421875 0.030859375 0.097265625
0 0.56796875 0.36328125 0.0302734375 0.094921875
0 0.5328125 0.31875 0.0255859375 0.0818359375
0 0.47421875 0.278125 0.0265625 0.0935546875
0 0.42734375 0.25625 0.0357421875 0.0814453125
1 0.084375 0.20546875 0.028125 0.0478515625
1 0.1515625 0.21796875 0.025 0.0455078125
1 0.22109375 0.23828125 0.0333984375 0.0521484375
1 0.28671875 0.2578125 0.035546875 0.0537109375
1 0.3421875 0.28671875 0.03125 0.0583984375
1 0.39609375 0.32109375 0.033203125 0.0580078125
1 0.4390625 0.3609375 0.037890625 0.0537109375
1 0.465625 0.4109375 0.03828125 0.0626953125