0 0.8578125 0.70078125 0.0814453125 0.1646484375
0 0.02578125 0.5703125 0.046875 0.1599609375
0 0.1125 0.54140625 0.06796875 0.138671875
0 0.340625 0.56015625 0.0529296875 0.154296875
0 0.31171875 0.51015625 0.032421875 0.119921875
0 0.35078125 0.503125 0.048046875 0.146484375
0 0.30546875 0.4703125 0.051953125 0.128515625
0 0.32890625 0.44140625 0.0388671875 0.155078125
1 0.19296875 0.453125 0.0359375 0.0908203125
1 0.06328125 0.528125 0.0453125 0.0900390625
1 0.1578125 0.46328125 0.037109375 0.0802734375
1 0.0953125 0.5 0.0435546875 0.0849609375
1 0.12578125 0.478125 0.0416015625 0.0712890625