1 0.06640625 0.53671875 0.030078125 0.0677734375
1 0.13359375 0.54765625 0.0390625 0.0666015625
1 0.4421875 0.53125 0.0283203125 0.0724609375
1 0.59453125 0.5609375 0.036328125 0.0712890625
1 0.6765625 0.56328125 0.028515625 0.0736328125
1 0.76171875 0.5765625 0.0330078125 0.0755859375
1 0.85546875 0.59375 0.0333984375 0.0724609375
1 0.96015625 0.609375 0.03125 0.0720703125
0 0.79375 0.57890625 0.0279296875 0.1046875
0 0.71328125 0.56953125 0.0265625 0.1046875
0 0.64765625 0.5546875 0.028125 0.103125
0 0.51328125 0.53125 0.035546875 0.0912109375
0 0.3375 0.509375 0.044140625 0.0931640625
0 0.26875 0.48515625 0.031640625 0.098046875
0 0.2453125 0.49296875 0.03359375 0.10625
0 0.19453125 0.4953125 0.0396484375 0.099609375