0 0.68359375 0.47109375 0.1296875 0.5109375
0 0.53984375 0.4734375 0.05625 0.228125
0 0.4609375 0.45703125 0.046875 0.25
0 0.384375 0.4765625 0.06484375 0.28125
0 0.27421875 0.4828125 0.06875 0.30234375
0 0.03828125 0.44765625 0.0765625 0.23125
1 0.028125 0.55078125 0.05625 0.1234375
1 0.09921875 0.5328125 0.0890625 0.10625
1 0.1859375 0.53984375 0.0734375 0.1078125
1 0.259375 0.534375 0.0703125 0.09140625
1 0.3265625 0.528125 0.071875 0.09296875
1 0.3875 0.52734375 0.07109375 0.09375
1 0.45625 0.5234375 0.075 0.08671875