0 0.0921875 0.534375 0.053515625 0.1783203125
0 0.15859375 0.51171875 0.060546875 0.148828125
0 0.46171875 0.41796875 0.035546875 0.101953125
0 0.4375 0.44921875 0.0431640625 0.1296875
0 0.478125 0.49765625 0.0529296875 0.15625
0 0.41640625 0.50390625 0.048828125 0.1611328125
0 0.45234375 0.55 0.05 0.1970703125
0 0.88359375 0.70625 0.053125 0.14296875
1 0.77578125 0.575 0.04375 0.0931640625
1 0.4859375 0.715625 0.0626953125 0.103125
1 0.5328125 0.6921875 0.0470703125 0.106640625
1 0.5734375 0.68046875 0.0498046875 0.119921875
1 0.61640625 0.65078125 0.048046875 0.1234375
1 0.6546875 0.63828125 0.0341796875 0.10625
1 0.69375 0.61953125 0.0404296875 0.0888671875
1 0.734375 0.59453125 0.0408203125 0.09375