0 0.74765625 0.72265625 0.0703125 0.2177734375
0 0.57265625 0.4703125 0.0611328125 0.1841796875
0 0.528125 0.5203125 0.046484375 0.1755859375
0 0.4953125 0.4703125 0.044140625 0.1720703125
0 0.465625 0.51953125 0.041015625 0.1615234375
0 0.44375 0.56640625 0.052734375 0.1740234375
0 0.1703125 0.51015625 0.059375 0.1919921875
0 0.13515625 0.54453125 0.058203125 0.1990234375
1 0.05390625 0.55 0.0708984375 0.105859375
1 0.11640625 0.53671875 0.0576171875 0.0892578125
1 0.17421875 0.52890625 0.0611328125 0.103125
1 0.23203125 0.51953125 0.0642578125 0.109375
1 0.28984375 0.5078125 0.053125 0.102734375
1 0.34296875 0.49453125 0.054296875 0.1015625
1 0.3921875 0.49296875 0.059765625 0.098046875
1 0.4484375 0.48125 0.0623046875 0.096875