1 0.178125 0.46484375 0.02109375 0.05859375
1 0.26484375 0.47734375 0.021875 0.05703125
1 0.446875 0.49453125 0.0171875 0.06015625
1 0.53671875 0.49453125 0.0234375 0.07578125
1 0.63671875 0.50546875 0.01640625 0.05390625
1 0.73984375 0.5125 0.01484375 0.06796875
1 0.84140625 0.51796875 0.021875 0.05390625
0 0.82578125 0.48828125 0.046875 0.07578125
0 0.71015625 0.48984375 0.03203125 0.103125
0 0.659375 0.465625 0.04921875 0.06015625
0 0.5046875 0.478125 0.02109375 0.1109375
0 0.32734375 0.46484375 0.03046875 0.0984375
0 0.21484375 0.4546875 0.0265625 0.109375
0 0.12578125 0.453125 0.0296875 0.1
0 0.1578125 0.4296875 0.0234375 0.06953125