0 0.2296875 0.846875 0.0734375 0.1515625
0 0.50078125 0.71484375 0.04140625 0.1296875
0 0.675 0.5953125 0.025 0.1234375
0 0.7625 0.4828125 0.025 0.0984375
0 0.7546875 0.246875 0.0171875 0.06171875
0 0.784375 0.28515625 0.01640625 0.05859375
0 0.8015625 0.33671875 0.01875 0.07109375
0 0.79921875 0.39765625 0.02109375 0.07890625
1 0.31875 0.15859375 0.0140625 0.025
1 0.35390625 0.165625 0.01640625 0.03515625
1 0.4484375 0.159375 0.01875 0.04140625
1 0.41015625 0.14609375 0.01484375 0.03203125
1 0.49140625 0.16796875 0.0140625 0.03984375
1 0.5265625 0.184375 0.0203125 0.03828125
1 0.5640625 0.2015625 0.01875 0.04140625
1 0.59921875 0.221875 0.025 0.03984375
1 0.6265625 0.25234375 0.0234375 0.03828125
1 0.64609375 0.28515625 0.02421875 0.04296875