0 0.11796875 0.38984375 0.0296875 0.07578125
0 0.1453125 0.42578125 0.02578125 0.09296875
0 0.265625 0.42109375 0.04140625 0.1015625
0 0.3765625 0.4359375 0.0375 0.10625
0 0.559375 0.45078125 0.05234375 0.07109375
0 0.7453125 0.4890625 0.0328125 0.0984375
0 0.78203125 0.478125 0.06796875 0.07734375
0 0.9171875 0.54609375 0.04375 0.1109375
1 0.86484375 0.5515625 0.0375 0.07578125
1 0.76171875 0.51796875 0.040625 0.06640625
1 0.2015625 0.4375 0.0296875 0.06640625
1 0.30390625 0.45 0.01796875 0.06953125