0 0.0921875 0.534375 0.05 0.17734375
0 0.15859375 0.51171875 0.0484375 0.146875
0 0.46171875 0.41796875 0.0296875 0.1015625
0 0.4375 0.44921875 0.04140625 0.1296875
0 0.478125 0.49765625 0.05234375 0.15625
0 0.41640625 0.50390625 0.0484375 0.16171875
0 0.45234375 0.55 0.0453125 0.19609375
0 0.88359375 0.70625 0.0453125 0.140625
1 0.77578125 0.575 0.0390625 0.09140625
1 0.4859375 0.715625 0.05546875 0.1
1 0.5328125 0.6921875 0.04453125 0.10625
1 0.5734375 0.68046875 0.03984375 0.1171875
1 0.61640625 0.65078125 0.040625 0.121875
1 0.6546875 0.63828125 0.03359375 0.10625
1 0.69375 0.61953125 0.03984375 0.08828125
1 0.734375 0.59453125 0.03984375 0.09375