1 0.31015625 0.54765625 0.0330078125 0.0572265625
1 0.25078125 0.53515625 0.03125 0.0552734375
1 0.1859375 0.51875 0.037109375 0.0537109375
1 0.1234375 0.50546875 0.0314453125 0.0482421875
1 0.06328125 0.4953125 0.0396484375 0.0587890625
1 0.63046875 0.53046875 0.0296875 0.0673828125
1 0.88359375 0.56796875 0.036328125 0.0634765625
1 0.97890625 0.5859375 0.0296875 0.0662109375
1 0.709375 0.540625 0.03125 0.0564453125
1 0.79140625 0.56171875 0.0359375 0.0666015625
0 0.2375 0.47734375 0.0283203125 0.103125
0 0.28671875 0.4859375 0.025 0.096875
0 0.32109375 0.47890625 0.0298828125 0.0919921875
0 0.37265625 0.49921875 0.05 0.111328125
0 0.55 0.525 0.0373046875 0.10078125
0 0.68359375 0.5375 0.039453125 0.097265625
0 0.75234375 0.56328125 0.0427734375 0.1015625
0 0.83046875 0.571875 0.0515625 0.100390625