1 0.17109375 0.234375 0.0541015625 0.0720703125
1 0.228125 0.228125 0.0623046875 0.0755859375
1 0.11171875 0.2375 0.058203125 0.0720703125
1 0.053125 0.24375 0.05078125 0.0814453125
1 0.0125 0.24921875 0.025 0.0890625
1 0.409375 0.0234375 0.046875 0.046875
1 0.4828125 0.025 0.046875 0.05
1 0.55390625 0.02265625 0.040625 0.0451171875
1 0.62578125 0.021875 0.0484375 0.04375
1 0.70234375 0.01953125 0.0390625 0.0390625
1 0.77734375 0.01875 0.0421875 0.0375
1 0.33828125 0.709375 0.076953125 0.109765625
1 0.40703125 0.6984375 0.071875 0.10390625
1 0.46796875 0.6890625 0.0609375 0.103515625
1 0.53046875 0.678125 0.065625 0.1
1 0.58671875 0.66640625 0.066796875 0.101953125
1 0.64375 0.65625 0.0625 0.0900390625
1 0.7046875 0.64140625 0.0626953125 0.0853515625
1 0.76015625 0.63359375 0.0701171875 0.103125
0 0.70625 0.7375 0.0625 0.2087890625
0 0.19375 0.540625 0.046484375 0.1662109375
0 0.16796875 0.58203125 0.0421875 0.1826171875
0 0.45390625 0.59296875 0.0509765625 0.1802734375
0 0.49765625 0.56953125 0.0396484375 0.1767578125
0 0.54140625 0.521875 0.0634765625 0.1998046875
0 0.5765625 0.57421875 0.0466796875 0.1673828125
0 0.61171875 0.52890625 0.0365234375 0.1736328125