1 0.26015625 0.59375 0.0634765625 0.0849609375
1 0.3171875 0.59375 0.06484375 0.0935546875
1 0.37265625 0.590625 0.0576171875 0.0814453125
1 0.428125 0.5875 0.0625 0.0849609375
1 0.48359375 0.5859375 0.0546875 0.0845703125
1 0.5390625 0.5828125 0.0587890625 0.0904296875
1 0.5921875 0.58515625 0.059765625 0.0865234375
1 0.64921875 0.57890625 0.0578125 0.0892578125
1 0.38515625 0.29921875 0.0416015625 0.0740234375
1 0.43359375 0.29921875 0.042578125 0.0697265625
1 0.4796875 0.2984375 0.0412109375 0.0693359375
1 0.525 0.29453125 0.040234375 0.0583984375
0 0.57265625 0.35078125 0.0328125 0.123046875
1 0.57421875 0.29140625 0.044921875 0.0576171875
1 0.6203125 0.2953125 0.0408203125 0.0681640625
1 0.66796875 0.29609375 0.038671875 0.0642578125
1 0.715625 0.29140625 0.04375 0.0666015625
0 0.25859375 0.4359375 0.0330078125 0.14375
0 0.2625 0.334375 0.031640625 0.103515625
0 0.31484375 0.4078125 0.03125 0.134765625
0 0.359375 0.41640625 0.0375 0.142578125
0 0.42265625 0.34921875 0.0267578125 0.116796875
0 0.45546875 0.38046875 0.034375 0.126171875
0 0.521875 0.36015625 0.034765625 0.123046875