0 0.70859375 0.7265625 0.051953125 0.2087890625
0 0.18203125 0.53046875 0.041796875 0.1767578125
0 0.14765625 0.5703125 0.053125 0.1880859375
0 0.45234375 0.56640625 0.0611328125 0.1580078125
0 0.49453125 0.51640625 0.067578125 0.134375
0 0.53125 0.51328125 0.044140625 0.1830078125
0 0.565625 0.5078125 0.0529296875 0.14765625
0 0.60546875 0.5078125 0.0333984375 0.1689453125
1 0.27109375 0.665625 0.06875 0.100390625
1 0.3359375 0.6515625 0.06640625 0.10625
1 0.3921875 0.64453125 0.056640625 0.10625
1 0.4515625 0.628125 0.07265625 0.116015625
1 0.509375 0.62421875 0.06171875 0.108203125
1 0.5671875 0.61015625 0.0599609375 0.109375
1 0.62265625 0.60078125 0.0638671875 0.111328125
1 0.68046875 0.58515625 0.058203125 0.0927734375
1 0.15078125 0.18515625 0.0603515625 0.0736328125
1 0.09453125 0.1890625 0.0603515625 0.0755859375
1 0.034375 0.20078125 0.0650390625 0.0740234375