1 0.12578125 0.5765625 0.13125 0.150390625
1 0.23984375 0.57578125 0.1169921875 0.1375
1 0.33828125 0.56875 0.1015625 0.13046875
1 0.42421875 0.565625 0.0982421875 0.122265625
1 0.5015625 0.56015625 0.0875 0.115625
1 0.57890625 0.55859375 0.084375 0.110546875
1 0.646875 0.5546875 0.087109375 0.109765625
1 0.7171875 0.5515625 0.078515625 0.109765625
0 0.1234375 0.49296875 0.0775390625 0.254296875
0 0.196875 0.48984375 0.0529296875 0.248828125
0 0.57109375 0.4828125 0.0791015625 0.4212890625
0 0.40078125 0.42890625 0.066796875 0.1767578125
0 0.50859375 0.42890625 0.065625 0.1634765625
0 0.68203125 0.4984375 0.05 0.2099609375
0 0.61015625 0.48671875 0.048828125 0.2177734375