0 0.31875 0.26796875 0.0279296875 0.0705078125
0 0.37734375 0.2890625 0.032421875 0.0818359375
0 0.45234375 0.325 0.0353515625 0.0849609375
0 0.50078125 0.3609375 0.0326171875 0.096875
0 0.54921875 0.421875 0.036328125 0.097265625
0 0.5921875 0.51171875 0.040625 0.1140625
0 0.57265625 0.59453125 0.0392578125 0.132421875
0 0.5125 0.71484375 0.0408203125 0.145703125
1 0.46796875 0.4796875 0.040625 0.0626953125
1 0.03046875 0.24375 0.0236328125 0.0501953125
1 0.11171875 0.25625 0.0291015625 0.0501953125
1 0.184375 0.27890625 0.027734375 0.0517578125
1 0.2609375 0.30234375 0.0283203125 0.0517578125
1 0.3265625 0.33203125 0.034375 0.0517578125
1 0.3875 0.371875 0.0337890625 0.0533203125
1 0.43828125 0.42421875 0.0421875 0.0732421875