0 0.21171875 0.36328125 0.0267578125 0.134375
0 0.2328125 0.459375 0.03359375 0.137890625
0 0.28671875 0.43046875 0.030078125 0.1546875
0 0.3375 0.446875 0.04296875 0.156640625
0 0.38125 0.36484375 0.0279296875 0.129296875
0 0.42109375 0.40390625 0.0365234375 0.123046875
0 0.475 0.3671875 0.034765625 0.12265625
0 0.52578125 0.35625 0.0365234375 0.11875
1 0.22578125 0.59375 0.060546875 0.0904296875
1 0.28671875 0.5984375 0.061328125 0.1
1 0.3453125 0.59140625 0.0568359375 0.0984375
1 0.4 0.59140625 0.06328125 0.0892578125
1 0.45625 0.58203125 0.0650390625 0.0861328125
1 0.50859375 0.58359375 0.0544921875 0.0861328125
1 0.56171875 0.5859375 0.0580078125 0.0931640625
1 0.62421875 0.57734375 0.0611328125 0.0830078125
1 0.6890625 0.29296875 0.04375 0.0759765625
1 0.6390625 0.29921875 0.0494140625 0.0763671875
1 0.590625 0.29765625 0.049609375 0.0794921875
1 0.5453125 0.29375 0.040625 0.0689453125
1 0.496875 0.29765625 0.043359375 0.0701171875
1 0.45 0.2953125 0.043359375 0.0623046875
1 0.4046875 0.30234375 0.0376953125 0.0642578125
1 0.35625 0.3 0.0439453125 0.0681640625