0 0.1609375 0.5140625 0.01875 0.1046875
0 0.2140625 0.51171875 0.02109375 0.09140625
0 0.23671875 0.51015625 0.0265625 0.07578125
0 0.33359375 0.54140625 0.02578125 0.1015625
0 0.5109375 0.553125 0.03046875 0.09140625
0 0.66171875 0.57265625 0.028125 0.1046875
0 0.72109375 0.57734375 0.0453125 0.1015625
0 0.815625 0.5859375 0.0375 0.096875
1 0.08046875 0.53828125 0.028125 0.05859375
1 0.009375 0.52734375 0.01875 0.06171875
1 0.23203125 0.56015625 0.028125 0.07109375
1 0.3140625 0.5640625 0.0234375 0.06328125
1 0.3953125 0.57890625 0.02890625 0.07109375
1 0.475 0.59296875 0.021875 0.05859375
1 0.94296875 0.575 0.03359375 0.06015625