0 0.15703125 0.41328125 0.0455078125 0.1125
0 0.24453125 0.4109375 0.0375 0.11015625
0 0.38125 0.39296875 0.05078125 0.098828125
0 0.36171875 0.41328125 0.051953125 0.103125
0 0.55546875 0.4125 0.0390625 0.106640625
0 0.6375 0.41171875 0.0376953125 0.095703125
0 0.7609375 0.41484375 0.05 0.105078125
0 0.83984375 0.41640625 0.0365234375 0.0865234375
1 0.059375 0.46171875 0.034375 0.0677734375
1 0.13125 0.465625 0.0369140625 0.0623046875
1 0.20234375 0.4671875 0.034375 0.0755859375
1 0.27109375 0.46484375 0.0359375 0.0666015625