0 0.86015625 0.69921875 0.071875 0.1666015625
0 0.353125 0.559375 0.05625 0.1375
0 0.3703125 0.5078125 0.0376953125 0.134375
0 0.13125 0.54375 0.05546875 0.149609375
0 0.04609375 0.5265625 0.0548828125 0.11640625
0 0.35234375 0.43359375 0.041796875 0.115625
1 0.28125 0.4671875 0.0435546875 0.0841796875
1 0.25234375 0.47734375 0.0396484375 0.0822265625
1 0.22265625 0.49296875 0.040625 0.0802734375
1 0.18515625 0.509375 0.0388671875 0.0841796875
1 0.14375 0.546875 0.04375 0.097265625
1 0.075 0.5796875 0.0404296875 0.097265625
1 0.0375 0.59765625 0.04453125 0.0798828125