1 0.07265625 0.52734375 0.025 0.0580078125
1 0.425 0.50859375 0.019140625 0.0607421875
1 0.603125 0.51484375 0.0158203125 0.0544921875
1 0.90546875 0.546875 0.0259765625 0.0814453125
0 0.8203125 0.521875 0.03984375 0.0880859375
0 0.7140625 0.52578125 0.0529296875 0.098828125
0 0.66171875 0.52109375 0.0328125 0.098046875
0 0.5015625 0.509375 0.0498046875 0.1
0 0.32578125 0.48984375 0.0359375 0.103125
0 0.2171875 0.4765625 0.0443359375 0.099609375
0 0.17734375 0.46875 0.0388671875 0.096875
0 0.1359375 0.46875 0.04375 0.11171875