0 0.26875 0.4171875 0.025390625 0.15
0 0.29453125 0.33203125 0.0361328125 0.108203125
0 0.3328125 0.40390625 0.02265625 0.1375
0 0.3734375 0.4046875 0.0369140625 0.140625
0 0.45859375 0.34375 0.0240234375 0.100390625
0 0.4875 0.3703125 0.03046875 0.116015625
0 0.5578125 0.3609375 0.0400390625 0.134375
0 0.60859375 0.3484375 0.040625 0.112109375
1 0.2734375 0.6078125 0.071484375 0.1
1 0.33359375 0.60390625 0.0642578125 0.0955078125
1 0.390625 0.60390625 0.0587890625 0.094921875
1 0.4453125 0.603125 0.0587890625 0.09453125
1 0.50078125 0.6015625 0.0576171875 0.0873046875
1 0.55546875 0.6015625 0.0642578125 0.0939453125
1 0.6109375 0.59765625 0.0564453125 0.0892578125
1 0.66796875 0.5953125 0.0642578125 0.0962890625
1 0.4015625 0.3171875 0.050390625 0.0689453125
1 0.45078125 0.3109375 0.042578125 0.0623046875
1 0.49609375 0.3109375 0.041796875 0.0619140625
1 0.54453125 0.31015625 0.0396484375 0.0708984375
1 0.59140625 0.31171875 0.0416015625 0.0677734375
1 0.63984375 0.3046875 0.0453125 0.0693359375
1 0.6890625 0.309375 0.0462890625 0.0685546875
1 0.73359375 0.309375 0.0478515625 0.0755859375