1 0.38515625 0.68671875 0.0484375 0.1015625
1 0.43046875 0.66328125 0.03984375 0.1109375
1 0.47578125 0.6421875 0.0375 0.1015625
1 0.55078125 0.60078125 0.0375 0.1
1 0.51171875 0.6296875 0.0390625 0.1015625
1 0.5890625 0.58515625 0.03828125 0.1109375
1 0.6265625 0.58203125 0.03046875 0.1171875
1 0.6640625 0.55390625 0.04375 0.1015625
0 0.07734375 0.5453125 0.05234375 0.18359375
0 0.146875 0.53359375 0.05390625 0.16015625
0 0.4328125 0.5578125 0.03046875 0.15859375
0 0.39765625 0.5234375 0.028125 0.17265625
0 0.4578125 0.5046875 0.0421875 0.1515625
0 0.4125 0.45546875 0.02890625 0.15703125
0 0.4421875 0.4421875 0.0296875 0.134375
0 0.86953125 0.725 0.04375 0.18515625