1 0.0640625 0.46015625 0.03203125 0.07109375
1 0.13046875 0.4640625 0.02890625 0.06640625
0 0.1921875 0.43203125 0.02421875 0.1046875
1 0.20078125 0.465625 0.02421875 0.06640625
1 0.2625 0.4640625 0.03125 0.06640625
1 0.3328125 0.46796875 0.02265625 0.07421875
1 0.40078125 0.4625 0.025 0.06328125
1 0.4703125 0.465625 0.0234375 0.06640625
1 0.53828125 0.4671875 0.03125 0.06015625
0 0.85234375 0.421875 0.053125 0.115625
0 0.7671875 0.43046875 0.028125 0.1140625
0 0.6453125 0.421875 0.0296875 0.115625
0 0.584375 0.41796875 0.04765625 0.1015625
0 0.409375 0.40546875 0.02890625 0.096875
0 0.37890625 0.42421875 0.0234375 0.1171875
0 0.28046875 0.421875 0.0265625 0.10625