1 0.975 0.49765625 0.040234375 0.0771484375
0 0.8875 0.4859375 0.0556640625 0.11875
1 0.90390625 0.47421875 0.044921875 0.0728515625
1 0.25703125 0.44609375 0.0259765625 0.0458984375
1 0.10078125 0.4515625 0.0353515625 0.0712890625
1 0.1796875 0.43046875 0.0248046875 0.025
0 0.2546875 0.4046875 0.031640625 0.103515625
0 0.31328125 0.39453125 0.0330078125 0.0896484375
0 0.40546875 0.403125 0.034375 0.1
0 0.43046875 0.40703125 0.0421875 0.103125
0 0.6171875 0.43828125 0.0650390625 0.108203125
0 0.73671875 0.45234375 0.033203125 0.1046875
0 0.8171875 0.46875 0.034765625 0.100390625