1 0.528125 0.0734375 0.0376953125 0.0720703125
1 0.6 0.071875 0.0404296875 0.0720703125
1 0.67265625 0.07109375 0.042578125 0.0697265625
1 0.74765625 0.0703125 0.0453125 0.0748046875
1 0.8265625 0.0640625 0.0443359375 0.0716796875
1 0.3453125 0.29140625 0.0568359375 0.0705078125
1 0.28671875 0.296875 0.0634765625 0.0869140625
1 0.2296875 0.30078125 0.0626953125 0.0794921875
1 0.1703125 0.303125 0.062109375 0.0810546875
1 0.11171875 0.31484375 0.0576171875 0.0798828125
1 0.04765625 0.31796875 0.064453125 0.0732421875
1 0.8890625 0.7125 0.062109375 0.106640625
1 0.82890625 0.715625 0.0673828125 0.10078125
1 0.76796875 0.72265625 0.0666015625 0.0896484375
1 0.7078125 0.73125 0.065234375 0.103515625
1 0.65 0.74765625 0.0744140625 0.1046875
1 0.58828125 0.75390625 0.073046875 0.104296875
1 0.52578125 0.765625 0.0646484375 0.0939453125
1 0.465625 0.7859375 0.0744140625 0.09609375
0 0.159375 0.6 0.0619140625 0.1966796875
0 0.19296875 0.5515625 0.030078125 0.1591796875
0 0.446875 0.60625 0.04375 0.1818359375
0 0.48125 0.5796875 0.0474609375 0.1970703125
0 0.5671875 0.59296875 0.034765625 0.1701171875
0 0.53828125 0.53359375 0.054296875 0.1802734375
0 0.603125 0.53515625 0.047265625 0.1673828125
0 0.6609375 0.73828125 0.047265625 0.2052734375