0 0.184375 0.8671875 0.06171875 0.1599609375
0 0.46796875 0.73359375 0.0572265625 0.129296875
0 0.6671875 0.6109375 0.04375 0.105859375
0 0.775 0.4921875 0.0255859375 0.096484375
0 0.81640625 0.41171875 0.025 0.0802734375
0 0.79296875 0.24375 0.0234375 0.0591796875
0 0.81640625 0.2859375 0.021875 0.0505859375
0 0.82890625 0.34375 0.017578125 0.0626953125
1 0.3875 0.14765625 0.018359375 0.0357421875
1 0.4359375 0.1296875 0.016015625 0.0341796875
1 0.66484375 0.2734375 0.0326171875 0.0412109375
1 0.6484375 0.23671875 0.0279296875 0.0365234375
1 0.62578125 0.20625 0.0259765625 0.0318359375
1 0.5875 0.18359375 0.0224609375 0.0423828125
1 0.55625 0.16640625 0.021875 0.0365234375
1 0.5125 0.15546875 0.0216796875 0.0388671875
1 0.478125 0.1359375 0.0185546875 0.0373046875
1 0.35234375 0.14296875 0.021875 0.0388671875