0 0.30234375 0.45703125 0.1517578125 0.25
0 0.51640625 0.51328125 0.0982421875 0.364453125
0 0.66171875 0.52109375 0.108203125 0.3546875
0 0.7703125 0.37734375 0.1025390625 0.3322265625
1 0.22734375 0.64921875 0.1390625 0.2111328125
1 0.38125 0.64453125 0.1431640625 0.2048828125
1 0.5375 0.6359375 0.133984375 0.2060546875
1 0.6890625 0.6390625 0.1306640625 0.2033203125
1 0.84609375 0.63515625 0.1416015625 0.2048828125
1 0.96796875 0.64140625 0.0640625 0.2140625
1 0.0796875 0.65 0.1470703125 0.1994140625