0 0.13671875 0.425 0.0482421875 0.0876953125
0 0.1421875 0.4375 0.033984375 0.097265625
0 0.26015625 0.4359375 0.033203125 0.097265625
0 0.3734375 0.44296875 0.0505859375 0.0951171875
0 0.5625 0.45625 0.044140625 0.0845703125
0 0.7375 0.48046875 0.04921875 0.095703125
0 0.91640625 0.53125 0.0552734375 0.119140625
1 0.9203125 0.5453125 0.055859375 0.0712890625
1 0.80546875 0.5171875 0.044921875 0.0724609375
1 0.040625 0.49609375 0.033984375 0.0642578125
1 0.47109375 0.4640625 0.0458984375 0.0630859375