1 0.84609375 0.61796875 0.025 0.0669921875
1 0.75234375 0.6109375 0.0203125 0.0748046875
1 0.6609375 0.590625 0.028515625 0.0662109375
1 0.578125 0.571875 0.030859375 0.0595703125
1 0.49296875 0.565625 0.0265625 0.0630859375
1 0.4171875 0.546875 0.0275390625 0.0537109375
1 0.3453125 0.53984375 0.02265625 0.0611328125
1 0.2734375 0.53125 0.01875 0.0748046875
0 0.1578125 0.50390625 0.0244140625 0.094921875
0 0.215625 0.51796875 0.030859375 0.113671875
0 0.22890625 0.50078125 0.028125 0.0861328125
0 0.31015625 0.5296875 0.028125 0.097265625
0 0.48125 0.54921875 0.033984375 0.0896484375
0 0.62265625 0.56875 0.032421875 0.109765625
0 0.68828125 0.58046875 0.048828125 0.109375
0 0.7796875 0.5890625 0.05 0.11015625