0 0.134375 0.45625 0.021875 0.09375
0 0.1703125 0.4515625 0.02578125 0.08203125
0 0.215625 0.45703125 0.0265625 0.08984375
0 0.33203125 0.46484375 0.04765625 0.1015625
0 0.50859375 0.4765625 0.04453125 0.09296875
0 0.66328125 0.4859375 0.040625 0.0953125
0 0.71953125 0.49453125 0.03671875 0.08515625
0 0.825 0.503125 0.0375 0.0953125
1 0.93046875 0.51953125 0.0171875 0.06640625
1 0.62578125 0.50234375 0.02109375 0.06640625
1 0.43984375 0.484375 0.025 0.05546875
1 0.26640625 0.465625 0.01015625 0.05390625