0 0.16640625 0.4140625 0.059375 0.1125
0 0.25390625 0.415625 0.044921875 0.11171875
0 0.35703125 0.409375 0.036328125 0.100390625
0 0.38828125 0.403125 0.0421875 0.106640625
0 0.56328125 0.41328125 0.0482421875 0.111328125
0 0.64375 0.41875 0.03828125 0.116015625
0 0.76640625 0.415625 0.053125 0.106640625
0 0.8453125 0.4265625 0.05859375 0.121484375
1 0.07421875 0.4609375 0.0357421875 0.0681640625
1 0.14609375 0.465625 0.0296875 0.0693359375
1 0.2171875 0.46484375 0.028125 0.0705078125
1 0.2859375 0.4640625 0.030859375 0.0681640625
1 0.35859375 0.46875 0.0458984375 0.0712890625
1 0.01171875 0.4671875 0.0234375 0.0625