1 0.84609375 0.61796875 0.0234375 0.06640625
1 0.75234375 0.6109375 0.01875 0.07421875
1 0.6609375 0.590625 0.025 0.06640625
1 0.578125 0.571875 0.0296875 0.06015625
1 0.49296875 0.565625 0.0234375 0.06328125
1 0.4171875 0.546875 0.02578125 0.05390625
1 0.3453125 0.53984375 0.021875 0.06171875
1 0.2734375 0.53125 0.0140625 0.07421875
0 0.1578125 0.50390625 0.01796875 0.09375
0 0.215625 0.51796875 0.021875 0.1125
0 0.22890625 0.50078125 0.0203125 0.08515625
0 0.31015625 0.5296875 0.025 0.0984375
0 0.48125 0.54921875 0.03125 0.08984375
0 0.62265625 0.56875 0.0234375 0.109375
0 0.68828125 0.58046875 0.04375 0.1078125
0 0.7796875 0.5890625 0.0453125 0.109375