0 0.38203125 0.7859375 0.053125 0.15390625
0 0.55234375 0.64375 0.0423828125 0.137890625
0 0.62734375 0.53984375 0.0353515625 0.098828125
0 0.6484375 0.44296875 0.0275390625 0.1015625
0 0.64609375 0.35390625 0.035546875 0.0771484375
0 0.62421875 0.32734375 0.0228515625 0.0736328125
0 0.58046875 0.2734375 0.0296875 0.0724609375
0 0.53671875 0.2390625 0.019921875 0.0685546875
1 0.509375 0.3546875 0.037890625 0.0533203125
1 0.4828125 0.309375 0.0314453125 0.0439453125
1 0.446875 0.2765625 0.03125 0.0529296875
1 0.40078125 0.24453125 0.0322265625 0.0455078125
1 0.35390625 0.22421875 0.0208984375 0.0419921875
1 0.30078125 0.20546875 0.023046875 0.0455078125
1 0.2484375 0.19140625 0.02265625 0.0330078125
1 0.1890625 0.18359375 0.02265625 0.0392578125
1 0.115625 0.215625 0.02421875 0.0380859375
1 0.06015625 0.1953125 0.0201171875 0.0349609375