0 0.86015625 0.69921875 0.065625 0.16328125
0 0.353125 0.559375 0.0546875 0.1375
0 0.3703125 0.5078125 0.03203125 0.1328125
0 0.13125 0.54375 0.04375 0.146875
0 0.04609375 0.5265625 0.04609375 0.1140625
0 0.35234375 0.43359375 0.0359375 0.1140625
1 0.28125 0.4671875 0.03671875 0.08203125
1 0.25234375 0.47734375 0.03359375 0.07890625
1 0.22265625 0.49296875 0.0359375 0.07890625
1 0.18515625 0.509375 0.03828125 0.08359375
1 0.14375 0.546875 0.040625 0.096875
1 0.075 0.5796875 0.03671875 0.096875
1 0.0375 0.59765625 0.04375 0.07890625