0 0.14765625 0.5203125 0.015625 0.1046875
1 0.16328125 0.5625 0.0203125 0.05703125
0 0.19296875 0.51171875 0.021875 0.08828125
0 0.225 0.51875 0.0171875 0.0953125
0 0.33046875 0.52578125 0.046875 0.096875
0 0.51015625 0.54453125 0.04453125 0.08984375
0 0.6625 0.56171875 0.04140625 0.0984375
0 0.71015625 0.565625 0.01875 0.08828125
0 0.81484375 0.56875 0.03046875 0.1
1 0.87421875 0.5734375 0.021875 0.06328125
1 0.98515625 0.59140625 0.0171875 0.07109375
1 0.77265625 0.5703125 0.01796875 0.06953125
1 0.58671875 0.54453125 0.021875 0.06796875
1 0.08125 0.55625 0.0265625 0.05390625
1 0.240625 0.57265625 0.02265625 0.05859375