1 0.17109375 0.234375 0.05234375 0.07109375
1 0.228125 0.228125 0.05546875 0.07109375
1 0.11171875 0.2375 0.0578125 0.07109375
1 0.053125 0.24375 0.05 0.08046875
1 0.0109375 0.25 0.021875 0.08671875
1 0.41015625 0.0234375 0.04609375 0.04609375
1 0.48359375 0.025 0.04375 0.04921875
1 0.55390625 0.02265625 0.040625 0.04453125
1 0.62578125 0.021875 0.0453125 0.04296875
1 0.703125 0.01953125 0.03828125 0.0390625
1 0.778125 0.01796875 0.03984375 0.0359375
1 0.33828125 0.709375 0.071875 0.10625
1 0.40703125 0.6984375 0.0640625 0.1
1 0.46796875 0.6890625 0.059375 0.103125
1 0.53046875 0.678125 0.059375 0.096875
1 0.58671875 0.66640625 0.0578125 0.0984375
1 0.64375 0.65625 0.059375 0.08671875
1 0.7046875 0.64140625 0.06015625 0.08203125
1 0.76015625 0.63359375 0.06484375 0.1
0 0.70625 0.7375 0.04375 0.20703125
0 0.19375 0.540625 0.0359375 0.16484375
0 0.16796875 0.58203125 0.0421875 0.18203125
0 0.45390625 0.59296875 0.04140625 0.17890625
0 0.49765625 0.56953125 0.03671875 0.17578125
0 0.54140625 0.521875 0.04453125 0.19765625
0 0.5765625 0.57421875 0.03828125 0.16640625
0 0.61171875 0.52890625 0.03671875 0.17421875