1 0.24140625 0.6734375 0.0677734375 0.099609375
1 0.30390625 0.66796875 0.069921875 0.098828125
1 0.36328125 0.6640625 0.0705078125 0.0931640625
1 0.42265625 0.66171875 0.0640625 0.0923828125
1 0.48046875 0.66015625 0.059375 0.0927734375
1 0.5375 0.65859375 0.06171875 0.0919921875
1 0.59453125 0.6578125 0.0634765625 0.096875
1 0.653125 0.6546875 0.0625 0.0904296875
1 0.7234375 0.3578125 0.04609375 0.0626953125
1 0.67421875 0.3578125 0.0416015625 0.0626953125
1 0.6234375 0.36015625 0.0412109375 0.0669921875
1 0.571875 0.3609375 0.037890625 0.0654296875
1 0.52578125 0.36328125 0.0458984375 0.0759765625
1 0.47890625 0.3625 0.0396484375 0.0724609375
1 0.43203125 0.365625 0.05 0.0744140625
1 0.3796875 0.36328125 0.0474609375 0.0642578125
0 0.328125 0.378125 0.0439453125 0.127734375
0 0.40234375 0.3671875 0.0326171875 0.127734375
0 0.44765625 0.36953125 0.045703125 0.1171875
0 0.6125 0.33515625 0.04453125 0.134375
0 0.70859375 0.31484375 0.038671875 0.111328125
0 0.7796875 0.315625 0.0345703125 0.106640625
0 0.44296875 0.30625 0.0333984375 0.103125