0 0.275 0.4140625 0.05 0.10234375
0 0.33125 0.41640625 0.0404296875 0.11875
0 0.3953125 0.40703125 0.028125 0.1046875
0 0.42890625 0.42890625 0.0359375 0.1
1 0.5828125 0.4640625 0.0341796875 0.0650390625
0 0.60390625 0.44453125 0.035546875 0.0916015625
0 0.72109375 0.47734375 0.0265625 0.103125
0 0.7984375 0.48671875 0.0466796875 0.1015625
0 0.86640625 0.5109375 0.0328125 0.109375
1 0.953125 0.54453125 0.0373046875 0.0611328125
1 0.88359375 0.528125 0.0302734375 0.0654296875
1 0.65546875 0.4828125 0.040625 0.0681640625
1 0.515625 0.44765625 0.03046875 0.0521484375