0 0.21171875 0.36328125 0.02109375 0.134375
0 0.2328125 0.459375 0.0265625 0.1375
0 0.28671875 0.43046875 0.0296875 0.1546875
0 0.3375 0.446875 0.0328125 0.15625
0 0.38125 0.36484375 0.02109375 0.128125
0 0.42109375 0.40390625 0.02890625 0.121875
0 0.475 0.3671875 0.025 0.1234375
0 0.52578125 0.35625 0.03046875 0.1171875
1 0.22578125 0.59375 0.05625 0.08828125
1 0.28671875 0.5984375 0.05625 0.0984375
1 0.3453125 0.59140625 0.05703125 0.0984375
1 0.4 0.59140625 0.059375 0.08671875
1 0.45625 0.58203125 0.06015625 0.08359375
1 0.50859375 0.58359375 0.05390625 0.08671875
1 0.56171875 0.5859375 0.05546875 0.09140625
1 0.62421875 0.57734375 0.05703125 0.08046875
1 0.6890625 0.29296875 0.040625 0.07421875
1 0.6390625 0.29921875 0.04453125 0.07421875
1 0.590625 0.29765625 0.04375 0.07734375
1 0.5453125 0.29375 0.040625 0.06953125
1 0.496875 0.29765625 0.0390625 0.06796875
1 0.45 0.2953125 0.0390625 0.06015625
1 0.4046875 0.30234375 0.03828125 0.06484375
1 0.35625 0.3 0.04140625 0.06640625