0 0.1609375 0.5140625 0.022265625 0.103515625
0 0.2140625 0.51171875 0.0255859375 0.0923828125
0 0.23671875 0.51015625 0.030078125 0.0767578125
0 0.33359375 0.54140625 0.0294921875 0.101953125
0 0.5109375 0.553125 0.0337890625 0.0912109375
0 0.66171875 0.57265625 0.0328125 0.105078125
0 0.72109375 0.57734375 0.048828125 0.103125
0 0.815625 0.5859375 0.043359375 0.09765625
1 0.08046875 0.53828125 0.030078125 0.0583984375
1 0.01015625 0.5265625 0.0203125 0.0625
1 0.23203125 0.56015625 0.028125 0.0705078125
1 0.3140625 0.5640625 0.027734375 0.0630859375
1 0.3953125 0.57890625 0.0283203125 0.0705078125
1 0.475 0.59296875 0.021875 0.0580078125
1 0.94296875 0.575 0.0357421875 0.0599609375