0 0.1390625 0.40703125 0.0369140625 0.0927734375
0 0.11796875 0.40078125 0.0240234375 0.096875
0 0.259375 0.40859375 0.03828125 0.103125
0 0.38203125 0.42109375 0.045703125 0.1
0 0.5578125 0.45390625 0.037109375 0.114453125
0 0.74140625 0.48671875 0.0328125 0.101171875
0 0.77109375 0.50234375 0.038671875 0.1015625
0 0.9078125 0.54765625 0.0556640625 0.126953125
1 0.959375 0.5015625 0.0412109375 0.0662109375
1 0.8421875 0.4703125 0.0435546875 0.0712890625
1 0.68984375 0.5296875 0.038671875 0.0818359375
1 0.59140625 0.49296875 0.0353515625 0.0611328125