1 0.68671875 0.44453125 0.0267578125 0.0611328125
1 0.84453125 0.46484375 0.0271484375 0.0615234375
1 0.5265625 0.42578125 0.02734375 0.0521484375
0 0.178125 0.3953125 0.053125 0.100390625
0 0.2625 0.4046875 0.043359375 0.099609375
0 0.35859375 0.396875 0.0171875 0.0904296875
0 0.38046875 0.40546875 0.026171875 0.0794921875
0 0.55 0.4078125 0.0341796875 0.0912109375
0 0.66015625 0.4109375 0.0357421875 0.0912109375
0 0.76328125 0.41171875 0.0552734375 0.0666015625
0 0.84921875 0.41875 0.0666015625 0.0619140625