1 0.3890625 0.12109375 0.0125 0.02734375
1 0.425 0.12890625 0.0171875 0.02734375
1 0.475 0.1078125 0.01171875 0.0265625
1 0.5140625 0.11875 0.0171875 0.0328125
1 0.5515625 0.13046875 0.015625 0.03125
1 0.58984375 0.1484375 0.015625 0.03203125
1 0.62421875 0.16328125 0.0171875 0.0328125
1 0.6578125 0.1890625 0.01875 0.03359375
1 0.684375 0.21796875 0.02265625 0.03203125
1 0.6984375 0.25234375 0.02421875 0.03203125
0 0.84921875 0.265625 0.0171875 0.04140625
0 0.86796875 0.3125 0.021875 0.04296875
0 0.875 0.37265625 0.021875 0.05234375
0 0.85 0.44453125 0.02421875 0.065625
0 0.77890625 0.55078125 0.0265625 0.078125
0 0.646875 0.66484375 0.03671875 0.078125
0 0.396875 0.80078125 0.05546875 0.09453125
0 0.08984375 0.91328125 0.059375 0.09296875