0 0.38203125 0.7859375 0.046875 0.153125
0 0.55234375 0.64375 0.03203125 0.1359375
0 0.62734375 0.53984375 0.02890625 0.0984375
0 0.6484375 0.44296875 0.02421875 0.1015625
0 0.64609375 0.35390625 0.028125 0.07578125
0 0.62421875 0.32734375 0.02109375 0.07421875
0 0.58046875 0.2734375 0.0234375 0.07109375
0 0.53671875 0.2390625 0.01875 0.06796875
1 0.509375 0.3546875 0.0375 0.05234375
1 0.4828125 0.309375 0.03203125 0.04453125
1 0.446875 0.2765625 0.0296875 0.05234375
1 0.40078125 0.24453125 0.03046875 0.04453125
1 0.35390625 0.22421875 0.02109375 0.04140625
1 0.30078125 0.20546875 0.021875 0.04609375
1 0.2484375 0.19140625 0.0234375 0.03359375
1 0.1890625 0.18359375 0.0234375 0.03984375
1 0.115625 0.215625 0.021875 0.03828125
1 0.06015625 0.1953125 0.01796875 0.03515625