0 0.51953125 0.69453125 0.0857421875 0.253125
0 0.67265625 0.321875 0.0578125 0.221484375
0 0.59609375 0.3203125 0.0607421875 0.2068359375
0 0.5484375 0.40390625 0.068359375 0.2107421875
0 0.48125 0.44609375 0.0619140625 0.1978515625
0 0.39609375 0.45 0.044921875 0.1779296875
0 0.25234375 0.43125 0.0697265625 0.2037109375
0 0.2125 0.51015625 0.0595703125 0.23125
1 0.23359375 0.159375 0.070703125 0.10703125
1 0.3234375 0.1421875 0.06640625 0.102734375
1 0.40859375 0.1203125 0.0640625 0.106640625
1 0.496875 0.10546875 0.0689453125 0.09375
1 0.584375 0.0890625 0.069140625 0.096484375
1 0.67421875 0.071875 0.061328125 0.10078125
1 0.76953125 0.05 0.0625 0.096875
1 0.86328125 0.03671875 0.0671875 0.0734375
1 0.934375 0.709375 0.084375 0.121875
1 0.88515625 0.74453125 0.092578125 0.1140625
1 0.8375 0.78046875 0.0908203125 0.130078125
1 0.78671875 0.82734375 0.0875 0.117578125
1 0.7375 0.8546875 0.09921875 0.125390625
1 0.69296875 0.89921875 0.0861328125 0.114453125
1 0.6375 0.940625 0.10625 0.11875
1 0.58515625 0.965625 0.1046875 0.06875