0 0.44375 0.77890625 0.0525390625 0.1697265625
0 0.56015625 0.6125 0.036328125 0.11875
0 0.60390625 0.5296875 0.030078125 0.108984375
0 0.5953125 0.421875 0.03359375 0.097265625
0 0.56796875 0.36328125 0.0271484375 0.09375
0 0.5328125 0.31875 0.0275390625 0.0818359375
0 0.47421875 0.278125 0.026953125 0.0935546875
0 0.42734375 0.25625 0.0330078125 0.0810546875
1 0.084375 0.20546875 0.02578125 0.0458984375
1 0.1515625 0.21796875 0.028125 0.0478515625
1 0.22109375 0.23828125 0.0322265625 0.0517578125
1 0.28671875 0.2578125 0.036328125 0.0556640625
1 0.3421875 0.28671875 0.03125 0.0583984375
1 0.39609375 0.32109375 0.035546875 0.0583984375
1 0.4390625 0.3609375 0.0375 0.0537109375
1 0.465625 0.4109375 0.043359375 0.0654296875