1 0.49453125 0.47421875 0.0390625 0.07578125
1 0.596875 0.49921875 0.03125 0.07578125
1 0.85703125 0.47734375 0.03828125 0.07578125
1 0.971875 0.5171875 0.0421875 0.08671875
1 0.7421875 0.44921875 0.04375 0.06796875
1 0.03203125 0.4109375 0.0296875 0.05703125
0 0.115625 0.378125 0.0328125 0.08984375
0 0.1546875 0.378125 0.04140625 0.08984375
0 0.265625 0.39453125 0.0484375 0.09140625
0 0.3828125 0.4078125 0.0328125 0.096875
0 0.5578125 0.44140625 0.0421875 0.08984375
0 0.7296875 0.4765625 0.03984375 0.1109375
0 0.771875 0.4984375 0.04453125 0.0984375
0 0.89375 0.5546875 0.0453125 0.121875