1 0.95390625 0.653125 0.0728515625 0.1125
1 0.8703125 0.57265625 0.05625 0.0736328125
1 0.7765625 0.50859375 0.0498046875 0.0794921875
1 0.67890625 0.46015625 0.0427734375 0.0794921875
1 0.4671875 0.3921875 0.0349609375 0.0849609375
1 0.3578125 0.3703125 0.0337890625 0.0814453125
1 0.2140625 0.41640625 0.049609375 0.0697265625
1 0.1109375 0.3984375 0.0349609375 0.0693359375
0 0.1421875 0.3234375 0.03359375 0.103515625
0 0.19296875 0.33515625 0.042578125 0.109375
0 0.31875 0.3609375 0.040234375 0.10390625
0 0.425 0.38515625 0.046875 0.108203125
0 0.57109375 0.4328125 0.0427734375 0.11640625
0 0.7203125 0.49140625 0.02890625 0.110546875
0 0.74140625 0.52578125 0.0453125 0.128125
0 0.83515625 0.596875 0.0458984375 0.1587890625