0 0.85 0.55078125 0.0341796875 0.1203125
0 0.784375 0.5359375 0.0314453125 0.134375
0 0.71171875 0.5171875 0.0427734375 0.11640625
0 0.58359375 0.49375 0.0423828125 0.121484375
0 0.41484375 0.471875 0.0421875 0.094140625
0 0.37734375 0.44296875 0.0322265625 0.0984375
0 0.33125 0.45078125 0.0314453125 0.0861328125
0 0.2828125 0.44765625 0.03515625 0.103125
1 0.17109375 0.45859375 0.0333984375 0.0548828125
1 0.2328125 0.471875 0.0345703125 0.0658203125
1 0.29921875 0.48359375 0.0330078125 0.0638671875
1 0.35625 0.50078125 0.034765625 0.0677734375
1 0.4203125 0.515625 0.0341796875 0.0662109375
1 0.49140625 0.53125 0.045703125 0.0716796875
1 0.55625 0.540625 0.041015625 0.0595703125
1 0.9078125 0.53046875 0.0376953125 0.0732421875