1 0.38515625 0.68671875 0.054296875 0.104296875
1 0.43046875 0.66328125 0.0451171875 0.1125
1 0.47578125 0.6421875 0.0421875 0.103515625
1 0.55078125 0.60078125 0.04375 0.1015625
1 0.51171875 0.6296875 0.0453125 0.103515625
1 0.5890625 0.58515625 0.0466796875 0.113671875
1 0.6265625 0.58203125 0.0400390625 0.11875
1 0.6640625 0.55390625 0.050390625 0.104296875
0 0.07734375 0.5453125 0.0572265625 0.1845703125
0 0.146875 0.53359375 0.0619140625 0.1615234375
0 0.4328125 0.5578125 0.0439453125 0.1595703125
0 0.39765625 0.5234375 0.033203125 0.1720703125
0 0.4578125 0.5046875 0.047265625 0.153125
0 0.4125 0.45546875 0.0380859375 0.1580078125
0 0.4421875 0.4421875 0.037109375 0.134765625
0 0.86953125 0.725 0.053125 0.1869140625