0 0.3765625 0.75078125 0.049609375 0.2052734375
0 0.2859375 0.6546875 0.0408203125 0.15390625
0 0.396875 0.59375 0.05 0.1712890625
0 0.48515625 0.60546875 0.0572265625 0.151953125
0 0.57109375 0.60078125 0.034375 0.1611328125
0 0.64296875 0.59375 0.0509765625 0.1744140625
0 0.7625 0.53203125 0.0529296875 0.15625
0 0.83515625 0.5359375 0.0361328125 0.156640625
1 0.9140625 0.51875 0.0560546875 0.0818359375
1 0.821875 0.52265625 0.0533203125 0.0857421875
1 0.7390625 0.5328125 0.0693359375 0.0931640625
1 0.6515625 0.55625 0.0619140625 0.0818359375
1 0.5671875 0.5671875 0.0662109375 0.0904296875
1 0.4859375 0.58203125 0.068359375 0.0896484375
1 0.40859375 0.6 0.0611328125 0.0810546875
1 0.32890625 0.61875 0.0703125 0.0818359375