1 0.08828125 0.46875 0.02421875 0.06171875
1 0.1828125 0.4734375 0.028125 0.04921875
1 0.36953125 0.4921875 0.0296875 0.06171875
1 0.46171875 0.4953125 0.02890625 0.05859375
1 0.753125 0.51875 0.02890625 0.06171875
1 0.55703125 0.5078125 0.02578125 0.07421875
1 0.66015625 0.5046875 0.02890625 0.05859375
0 0.11171875 0.4578125 0.025 0.096875
0 0.1453125 0.44296875 0.0265625 0.0984375
0 0.209375 0.45546875 0.0421875 0.08671875
0 0.3171875 0.4671875 0.03828125 0.09140625
0 0.5015625 0.471875 0.046875 0.08046875
0 0.65625 0.484375 0.0453125 0.08671875
0 0.70859375 0.49296875 0.0359375 0.09140625
0 0.8234375 0.4984375 0.0328125 0.09296875