0 0.75078125 0.5953125 0.046875 0.121484375
0 0.68515625 0.50078125 0.0388671875 0.138671875
0 0.65703125 0.4328125 0.0390625 0.0787109375
0 0.53046875 0.396875 0.0390625 0.11328125
0 0.41015625 0.34921875 0.028125 0.115625
0 0.321875 0.31171875 0.040625 0.117578125
0 0.19921875 0.29296875 0.0326171875 0.0953125
0 0.13671875 0.27265625 0.04375 0.1
1 0.0515625 0.3578125 0.0345703125 0.0779296875
1 0.29296875 0.3265625 0.0353515625 0.0712890625
1 0.39296875 0.3515625 0.035546875 0.0595703125
1 0.49609375 0.40234375 0.0513671875 0.0794921875
1 0.5890625 0.434375 0.0408203125 0.0720703125
1 0.67265625 0.5015625 0.055078125 0.0779296875
1 0.7859375 0.65625 0.0748046875 0.0869140625
1 0.75078125 0.5703125 0.063671875 0.0876953125