1 0.178125 0.46484375 0.0255859375 0.0583984375
1 0.26484375 0.47734375 0.025 0.0580078125
1 0.446875 0.49453125 0.01875 0.0607421875
1 0.53671875 0.49453125 0.026953125 0.0767578125
1 0.63671875 0.50546875 0.0177734375 0.0544921875
1 0.73984375 0.5125 0.0197265625 0.0685546875
1 0.84140625 0.51796875 0.023046875 0.0544921875
0 0.82578125 0.48828125 0.0515625 0.0791015625
0 0.71015625 0.48984375 0.0384765625 0.1046875
0 0.659375 0.465625 0.0505859375 0.0619140625
0 0.5046875 0.478125 0.0244140625 0.112109375
0 0.32734375 0.46484375 0.0330078125 0.098828125
0 0.21484375 0.4546875 0.033203125 0.109765625
0 0.12578125 0.453125 0.030078125 0.1
0 0.1578125 0.4296875 0.025 0.0689453125