0 0.70859375 0.7265625 0.040625 0.20703125
0 0.18203125 0.53046875 0.040625 0.17734375
0 0.14765625 0.5703125 0.0390625 0.18671875
0 0.45234375 0.56640625 0.05703125 0.15703125
0 0.49453125 0.51640625 0.059375 0.13125
0 0.53125 0.51328125 0.0453125 0.18359375
0 0.565625 0.5078125 0.04140625 0.1453125
0 0.60546875 0.5078125 0.03359375 0.16953125
1 0.27109375 0.665625 0.0609375 0.096875
1 0.3359375 0.6515625 0.059375 0.1015625
1 0.3921875 0.64453125 0.05625 0.10625
1 0.4515625 0.628125 0.0640625 0.1109375
1 0.509375 0.62421875 0.05625 0.10625
1 0.5671875 0.61015625 0.05390625 0.10625
1 0.62265625 0.60078125 0.05703125 0.109375
1 0.68046875 0.58515625 0.05625 0.09296875
1 0.15078125 0.18515625 0.05546875 0.07109375
1 0.09453125 0.1890625 0.05390625 0.07265625
1 0.034375 0.20078125 0.06015625 0.07109375