0 0.4765625 0.5 0.0625 0.3640625
0 0.16484375 0.51484375 0.05390625 0.2453125
0 0.24921875 0.47890625 0.03984375 0.19921875
0 0.40078125 0.49921875 0.04375 0.2390625
0 0.5796875 0.49140625 0.0390625 0.20234375
0 0.63359375 0.4859375 0.0359375 0.20390625
0 0.7015625 0.4765625 0.04140625 0.17265625
1 0.18671875 0.5953125 0.13515625 0.15703125
1 0.30625 0.590625 0.1109375 0.16796875
1 0.40390625 0.58046875 0.1 0.15703125
1 0.496875 0.57265625 0.0875 0.1515625
1 0.575 0.56796875 0.08671875 0.1390625
1 0.6578125 0.5703125 0.07890625 0.14375
1 0.72890625 0.56015625 0.06953125 0.1265625
1 0.8046875 0.55234375 0.08125 0.1328125