0 0.86640625 0.69375 0.0484375 0.15546875
0 0.01953125 0.571875 0.0390625 0.153125
0 0.11015625 0.553125 0.048828125 0.13046875
0 0.32890625 0.55390625 0.0572265625 0.148046875
0 0.34375 0.503125 0.0474609375 0.127734375
0 0.3 0.47578125 0.037890625 0.141796875
0 0.30703125 0.44453125 0.0416015625 0.1296875
1 0.11171875 0.4359375 0.0361328125 0.0818359375
1 0.08046875 0.453125 0.0322265625 0.0775390625
1 0.02109375 0.4828125 0.0333984375 0.0720703125
1 0.04921875 0.46875 0.029296875 0.0689453125