1 0.328125 0.29765625 0.04140625 0.06484375
1 0.37421875 0.2953125 0.0375 0.06953125
1 0.41953125 0.29375 0.040625 0.06015625
1 0.4671875 0.29140625 0.04609375 0.06171875
0 0.49140625 0.37578125 0.03046875 0.140625
1 0.51328125 0.29296875 0.04453125 0.06484375
1 0.5609375 0.28984375 0.03984375 0.06484375
1 0.61015625 0.28828125 0.0421875 0.06171875
1 0.659375 0.28828125 0.04140625 0.06484375
1 0.590625 0.57109375 0.059375 0.08359375
1 0.53671875 0.5703125 0.05234375 0.08203125
1 0.48046875 0.5765625 0.0578125 0.07578125
1 0.42421875 0.5765625 0.0546875 0.07890625
1 0.36953125 0.58046875 0.05703125 0.08671875
1 0.31484375 0.584375 0.0609375 0.07890625
1 0.2578125 0.58828125 0.0609375 0.08984375
1 0.20078125 0.5890625 0.0625 0.09140625
0 0.17109375 0.375 0.03203125 0.1359375
0 0.21484375 0.48359375 0.03046875 0.146875
0 0.265625 0.4578125 0.028125 0.15625
0 0.31953125 0.46484375 0.0328125 0.1515625
0 0.34296875 0.378125 0.0265625 0.1296875
0 0.39921875 0.42265625 0.03359375 0.1265625
0 0.44453125 0.3828125 0.034375 0.1265625