0 0.85 0.55078125 0.0443359375 0.121875
0 0.784375 0.5359375 0.0380859375 0.134765625
0 0.71171875 0.5171875 0.0416015625 0.116015625
0 0.58359375 0.49375 0.0416015625 0.121484375
0 0.41484375 0.471875 0.0484375 0.096875
0 0.37734375 0.44296875 0.0333984375 0.098828125
0 0.33125 0.45078125 0.0314453125 0.0861328125
0 0.2828125 0.44765625 0.0375 0.103125
1 0.17109375 0.45859375 0.0357421875 0.0572265625
1 0.2328125 0.471875 0.0314453125 0.0654296875
1 0.29921875 0.48359375 0.0357421875 0.0642578125
1 0.35625 0.50078125 0.034765625 0.0677734375
1 0.4203125 0.515625 0.0314453125 0.0658203125
1 0.49140625 0.53125 0.0453125 0.0716796875
1 0.55625 0.540625 0.044140625 0.0623046875
1 0.9078125 0.53046875 0.0435546875 0.0759765625