1 0.975 0.49765625 0.041015625 0.0771484375
0 0.8875 0.4859375 0.0537109375 0.11875
1 0.90390625 0.47421875 0.0390625 0.0701171875
1 0.25703125 0.44609375 0.0267578125 0.0458984375
1 0.10078125 0.4515625 0.0353515625 0.0712890625
1 0.1796875 0.43046875 0.0251953125 0.026171875
0 0.2546875 0.4046875 0.037109375 0.10390625
0 0.31328125 0.39453125 0.0263671875 0.0888671875
0 0.40546875 0.403125 0.034375 0.1
0 0.43046875 0.40703125 0.0390625 0.101953125
0 0.6171875 0.43828125 0.0599609375 0.107421875
0 0.73671875 0.45234375 0.034375 0.105078125
0 0.8171875 0.46875 0.04140625 0.102734375