0 0.43515625 0.77265625 0.051171875 0.220703125
0 0.275 0.625 0.052734375 0.1974609375
0 0.35859375 0.55 0.0517578125 0.1876953125
0 0.4515625 0.57109375 0.0505859375 0.1833984375
0 0.546875 0.565625 0.06171875 0.1869140625
0 0.62734375 0.54375 0.0603515625 0.1837890625
0 0.71484375 0.48046875 0.045703125 0.1677734375
0 0.7984375 0.47734375 0.043359375 0.1708984375
1 0.346875 0.46953125 0.0751953125 0.0958984375
1 0.42734375 0.45 0.071875 0.096875
1 0.51015625 0.4328125 0.0640625 0.0814453125
1 0.59921875 0.4203125 0.073828125 0.0869140625
1 0.68671875 0.4015625 0.0728515625 0.102734375
1 0.775 0.384375 0.06328125 0.0935546875
1 0.86640625 0.36328125 0.073046875 0.0958984375
1 0.96171875 0.353125 0.067578125 0.0876953125