1 0.38515625 0.68671875 0.048828125 0.1015625
1 0.43046875 0.66328125 0.0455078125 0.1125
1 0.47578125 0.6421875 0.0390625 0.102734375
1 0.55078125 0.60078125 0.041796875 0.101171875
1 0.51171875 0.6296875 0.0421875 0.103125
1 0.5890625 0.58515625 0.0439453125 0.1125
1 0.6265625 0.58203125 0.0400390625 0.11875
1 0.6640625 0.55390625 0.046484375 0.101953125
0 0.07734375 0.5453125 0.0642578125 0.1869140625
0 0.146875 0.53359375 0.0626953125 0.1634765625
0 0.4328125 0.5578125 0.0431640625 0.1595703125
0 0.39765625 0.5234375 0.032421875 0.1720703125
0 0.4578125 0.5046875 0.04140625 0.152734375
0 0.4125 0.45546875 0.0287109375 0.1576171875
0 0.4421875 0.4421875 0.030859375 0.134375
0 0.86953125 0.725 0.046875 0.1845703125