1 0.778125 0.54609375 0.0337890625 0.0705078125
1 0.7125 0.525 0.0337890625 0.0685546875
1 0.6359375 0.5046875 0.0373046875 0.0505859375
1 0.56328125 0.49453125 0.040625 0.0666015625
1 0.49921875 0.4734375 0.0359375 0.0619140625
1 0.434375 0.46484375 0.0369140625 0.0603515625
1 0.36953125 0.453125 0.0302734375 0.0595703125
0 0.26796875 0.42265625 0.029296875 0.1078125
0 0.325 0.421875 0.031640625 0.0876953125
0 0.384375 0.42578125 0.037890625 0.1
0 0.415625 0.45625 0.0314453125 0.103515625
0 0.57734375 0.46015625 0.0453125 0.0697265625
0 0.69609375 0.4984375 0.0384765625 0.118359375
0 0.77421875 0.5125 0.0357421875 0.1125
0 0.84609375 0.52578125 0.0353515625 0.113671875