1 0.2296875 0.59921875 0.1376953125 0.1759765625
1 0.35 0.59765625 0.109765625 0.1771484375
1 0.45625 0.59765625 0.10078125 0.1865234375
1 0.54765625 0.58671875 0.091796875 0.1708984375
1 0.62890625 0.571875 0.0888671875 0.14921875
1 0.7078125 0.56484375 0.0962890625 0.159375
1 0.784375 0.55703125 0.068359375 0.138671875
1 0.85390625 0.55625 0.086328125 0.125390625
0 0.4109375 0.5015625 0.0814453125 0.3087890625
0 0.2046875 0.5125 0.053125 0.2056640625
0 0.3078125 0.50078125 0.0466796875 0.1865234375
0 0.50234375 0.48125 0.059375 0.1716796875
0 0.59140625 0.490625 0.044921875 0.1619140625
0 0.65859375 0.49140625 0.0361328125 0.1892578125
0 0.7203125 0.49140625 0.0625 0.1857421875