1 0.95390625 0.653125 0.0798828125 0.11796875
1 0.8703125 0.57265625 0.062109375 0.0771484375
1 0.7765625 0.50859375 0.0529296875 0.0802734375
1 0.67890625 0.46015625 0.0423828125 0.0791015625
1 0.4671875 0.3921875 0.0373046875 0.0849609375
1 0.3578125 0.3703125 0.0369140625 0.0818359375
1 0.2140625 0.41640625 0.05234375 0.0705078125
1 0.1109375 0.3984375 0.0345703125 0.0689453125
0 0.1421875 0.3234375 0.031640625 0.103515625
0 0.19296875 0.33515625 0.036328125 0.108203125
0 0.31875 0.3609375 0.04375 0.105859375
0 0.425 0.38515625 0.046484375 0.1078125
0 0.57109375 0.4328125 0.0333984375 0.115625
0 0.7203125 0.49140625 0.025390625 0.109375
0 0.74140625 0.52578125 0.046875 0.128125
0 0.83515625 0.596875 0.0455078125 0.1587890625