1 0.3890625 0.12109375 0.012890625 0.0267578125
1 0.425 0.12890625 0.01953125 0.0271484375
1 0.475 0.1078125 0.0126953125 0.027734375
1 0.5140625 0.11875 0.01875 0.03203125
1 0.5515625 0.13046875 0.015625 0.03125
1 0.58984375 0.1484375 0.016796875 0.0314453125
1 0.62421875 0.16328125 0.017578125 0.0328125
1 0.6578125 0.1890625 0.021484375 0.0345703125
1 0.684375 0.21796875 0.0224609375 0.0326171875
1 0.6984375 0.25234375 0.0251953125 0.0326171875
0 0.84921875 0.265625 0.01875 0.0408203125
0 0.86796875 0.3125 0.023046875 0.0435546875
0 0.875 0.37265625 0.021875 0.0517578125
0 0.85 0.44453125 0.0287109375 0.066796875
0 0.77890625 0.55078125 0.033203125 0.0796875
0 0.646875 0.66484375 0.0380859375 0.079296875
0 0.396875 0.80078125 0.0630859375 0.0986328125
0 0.08984375 0.91328125 0.0671875 0.0978515625