0 0.30234375 0.45703125 0.1541015625 0.251171875
0 0.51640625 0.51328125 0.0919921875 0.363671875
0 0.66171875 0.52109375 0.1265625 0.3578125
0 0.7703125 0.37734375 0.1185546875 0.3333984375
1 0.22734375 0.64921875 0.148828125 0.2169921875
1 0.38125 0.64453125 0.1376953125 0.2021484375
1 0.5375 0.6359375 0.13828125 0.2087890625
1 0.6890625 0.6390625 0.1337890625 0.2056640625
1 0.84609375 0.63515625 0.1361328125 0.2021484375
1 0.96953125 0.64140625 0.0609375 0.2140625
1 0.0796875 0.65 0.1400390625 0.1939453125