1 0.20390625 0.74375 0.065625 0.09296875
1 0.26640625 0.73984375 0.0640625 0.08828125
1 0.32734375 0.7390625 0.0609375 0.0953125
1 0.3875 0.73515625 0.06328125 0.09140625
1 0.446875 0.73515625 0.06015625 0.09140625
1 0.50390625 0.73046875 0.06171875 0.08515625
1 0.5625 0.73359375 0.0609375 0.08828125
1 0.61875 0.72578125 0.065625 0.08828125
1 0.34609375 0.43203125 0.04375 0.06484375
1 0.39296875 0.42734375 0.0421875 0.06171875
1 0.44296875 0.4265625 0.04453125 0.06328125
1 0.49140625 0.425 0.04375 0.06015625
1 0.53828125 0.425 0.040625 0.06640625
1 0.59296875 0.42421875 0.0484375 0.05859375
1 0.6421875 0.42265625 0.04453125 0.06484375
1 0.69296875 0.4234375 0.04375 0.06953125
0 0.36015625 0.41015625 0.03203125 0.1140625
0 0.44296875 0.37578125 0.03828125 0.07578125
0 0.48984375 0.375 0.0421875 0.08359375
0 0.6546875 0.3828125 0.02265625 0.1078125
0 0.6703125 0.365625 0.0265625 0.0984375
0 0.76796875 0.3640625 0.025 0.1203125
0 0.84453125 0.36015625 0.04609375 0.128125
0 0.50703125 0.3453125 0.0296875 0.0953125