0 0.74765625 0.72265625 0.0671875 0.21796875
0 0.57265625 0.4703125 0.04765625 0.18203125
0 0.528125 0.5203125 0.040625 0.17578125
0 0.4953125 0.4703125 0.04375 0.17265625
0 0.465625 0.51953125 0.0296875 0.16171875
0 0.44375 0.56640625 0.040625 0.17265625
0 0.1703125 0.51015625 0.04375 0.18984375
0 0.13515625 0.54453125 0.046875 0.19765625
1 0.05390625 0.55 0.06796875 0.103125
1 0.11640625 0.53671875 0.05703125 0.08984375
1 0.17421875 0.52890625 0.06171875 0.103125
1 0.23203125 0.51953125 0.05703125 0.10625
1 0.28984375 0.5078125 0.053125 0.1015625
1 0.34296875 0.49453125 0.05 0.1
1 0.3921875 0.49296875 0.0578125 0.096875
1 0.4484375 0.48125 0.05703125 0.0953125