1 0.06640625 0.53671875 0.0265625 0.06796875
1 0.13359375 0.54765625 0.0359375 0.06484375
1 0.4421875 0.53125 0.02421875 0.07265625
1 0.59453125 0.5609375 0.0328125 0.06953125
1 0.6765625 0.56328125 0.0296875 0.07421875
1 0.76171875 0.5765625 0.03046875 0.07578125
1 0.85546875 0.59375 0.02890625 0.07109375
1 0.96015625 0.609375 0.0265625 0.07109375
0 0.79375 0.57890625 0.02578125 0.1046875
0 0.71328125 0.56953125 0.025 0.1046875
0 0.64765625 0.5546875 0.028125 0.103125
0 0.51328125 0.53125 0.0328125 0.09140625
0 0.3375 0.509375 0.0390625 0.08984375
0 0.26875 0.48515625 0.025 0.096875
0 0.2453125 0.49296875 0.03125 0.10625
0 0.19453125 0.4953125 0.03203125 0.0984375