1 0.30234375 0.6640625 0.06015625 0.09375
1 0.37734375 0.640625 0.06171875 0.08671875
1 0.45234375 0.61796875 0.0625 0.08203125
1 0.5375 0.60859375 0.05546875 0.07890625
1 0.61640625 0.58984375 0.05 0.08671875
1 0.6984375 0.578125 0.06796875 0.08515625
1 0.7890625 0.56953125 0.05703125 0.08984375
1 0.87734375 0.546875 0.06171875 0.08828125
0 0.3515625 0.753125 0.034375 0.19765625
0 0.278125 0.66015625 0.0359375 0.16640625
0 0.38828125 0.5671875 0.05703125 0.103125
0 0.48359375 0.615625 0.02890625 0.15703125
0 0.5640625 0.60390625 0.03828125 0.15625
0 0.6421875 0.5921875 0.0375 0.14375
0 0.76796875 0.5390625 0.03828125 0.134375
0 0.84140625 0.5453125 0.03671875 0.16484375