0 0.14765625 0.5203125 0.0234375 0.103515625
1 0.16328125 0.5625 0.025 0.0568359375
0 0.19296875 0.51171875 0.021875 0.0888671875
0 0.225 0.51875 0.024609375 0.09453125
0 0.33046875 0.52578125 0.0515625 0.0984375
0 0.51015625 0.54453125 0.0517578125 0.0923828125
0 0.6625 0.56171875 0.0439453125 0.098828125
0 0.71015625 0.565625 0.019921875 0.0876953125
0 0.81484375 0.56875 0.0333984375 0.100390625
1 0.87421875 0.5734375 0.025 0.0630859375
1 0.98515625 0.59140625 0.023046875 0.0708984375
1 0.77265625 0.5703125 0.0208984375 0.0693359375
1 0.58671875 0.54453125 0.026171875 0.0677734375
1 0.08125 0.55625 0.028515625 0.0537109375
1 0.240625 0.57265625 0.0275390625 0.0583984375