0 0.86796875 0.559375 0.04375 0.147265625
0 0.75546875 0.50703125 0.0353515625 0.1375
0 0.7328125 0.46328125 0.025390625 0.1015625
0 0.565625 0.4171875 0.0525390625 0.0931640625
0 0.40703125 0.38359375 0.05 0.114453125
0 0.3 0.35625 0.0474609375 0.1125
0 0.17109375 0.34375 0.046875 0.103515625
0 0.1296875 0.3234375 0.0412109375 0.103125
1 0.25390625 0.4171875 0.0453125 0.0716796875
1 0.35859375 0.4453125 0.038671875 0.0693359375
1 0.5 0.3875 0.037109375 0.0693359375
1 0.61171875 0.4171875 0.0330078125 0.0689453125
1 0.82578125 0.48671875 0.042578125 0.0865234375
1 0.93828125 0.534375 0.058203125 0.0810546875