1 0.0796875 0.54765625 0.037890625 0.0642578125
1 0.1546875 0.55390625 0.0287109375 0.0548828125
1 0.2359375 0.5625 0.0283203125 0.0599609375
1 0.31796875 0.57265625 0.021875 0.0517578125
1 0.3921875 0.584375 0.0224609375 0.0595703125
1 0.75625 0.56484375 0.01953125 0.0458984375
1 0.84375 0.5734375 0.031640625 0.0505859375
1 0.95390625 0.590625 0.0173828125 0.0658203125
0 0.82265625 0.58671875 0.0328125 0.0984375
0 0.72421875 0.57734375 0.0427734375 0.1046875
0 0.66875 0.5609375 0.04453125 0.09609375
0 0.51015625 0.546875 0.0365234375 0.0806640625
0 0.340625 0.53125 0.0376953125 0.0908203125
0 0.2375 0.5265625 0.030859375 0.0939453125
0 0.2078125 0.503125 0.03125 0.0689453125
0 0.165625 0.5046875 0.0439453125 0.0962890625