1 0.68671875 0.44453125 0.0291015625 0.0615234375
1 0.84453125 0.46484375 0.0271484375 0.0615234375
1 0.5265625 0.42578125 0.02265625 0.0517578125
0 0.178125 0.3953125 0.052734375 0.1
0 0.2625 0.4046875 0.040625 0.09765625
0 0.35859375 0.396875 0.0234375 0.0908203125
0 0.38046875 0.40546875 0.0296875 0.0798828125
0 0.55 0.4078125 0.0314453125 0.0908203125
0 0.66015625 0.4109375 0.0365234375 0.0912109375
0 0.76328125 0.41171875 0.0552734375 0.0666015625
0 0.84921875 0.41875 0.0677734375 0.0650390625